geneID	baseMean	log2FoldChange	lfcSE	stat	pvalue	padj
AT1G01940	41.6624505163246	-0.44395208848997	0.11544283225542	-3.845644461561	0.000120236000367178	0.0207634354808662
AT1G02190	5.81944732244298	-1.43637376650356	0.405689053886666	-3.54057806771593	0.000399251499856085	0.0452767750121768
AT1G03220	290.926520764365	1.19449401086375	0.171957983182082	6.94642952167525	3.74646960126311e-12	8.19989801628456e-09
AT1G03230	50.6981176149485	0.794531186808332	0.176365048496992	4.50503766806087	6.63611700580927e-06	0.00223453373701765
AT1G04050	24.262785637454	-0.413406085283964	0.114621290599143	-3.60671288137682	0.0003101004623362	0.0392855535564878
AT1G04710	85.6291070734488	0.224492832129544	0.0621929103105456	3.6096209521084	0.00030664476664636	0.0392487368864846
AT1G06150	193.366380955108	-0.212976611031748	0.0514771503393698	-4.13730382563278	3.51410666310367e-05	0.00874014233356249
AT1G06180	14.7328032564365	-0.576254535666801	0.152726882066146	-3.77310482523453	0.000161228505961106	0.0259471199262553
AT1G06265	27.2035546437246	-0.748673285064018	0.203509638376816	-3.67880996219837	0.000234324784020208	0.0330881712764535
AT1G06390	368.281503281412	-0.710139964070901	0.133909321758666	-5.30314062340431	1.13827168459563e-07	7.3274565766896e-05
AT1G06900	364.522146947075	-0.197756991122381	0.0554181775613854	-3.5684499170571	0.000359099477522209	0.0427152731767858
AT1G08590	8.6197988901403	-0.951735999863245	0.237975433457105	-3.99930356691542	6.35291511271143e-05	0.0131175710445203
AT1G09200	84.2230050178931	0.493980521955879	0.111998254399927	4.41060911710246	1.03080246032035e-05	0.00336733932075096
AT1G11890	199.560793278896	0.209643243565218	0.0576115076981453	3.63891263987814	0.000273791650976215	0.0358831009875234
AT1G12700	29.5533056393531	-0.30744005203705	0.0856224592725587	-3.59064729802245	0.000329857752599141	0.0403329420733933
AT1G13790	43.6385169086999	-0.533739434789309	0.141691498381268	-3.76691220635627	0.00016527908973875	0.0264048426066571
AT1G16330	12.9088485455065	-1.51995642535937	0.251277754051331	-6.04890962631287	1.45829429996045e-09	1.38772553666237e-06
AT1G17190	43.1266353952316	0.711757214021813	0.180223053428059	3.94931281255831	7.8375873482719e-05	0.0153161852046096
AT1G19620	7.98218844012022	0.667415751917926	0.166620611082297	4.0056013933851	6.18598911698356e-05	0.0128945470288971
AT1G22590	71.3184611796756	0.460543988059418	0.122915769866048	3.74682588378459	0.000179086300491628	0.0275173785093544
AT1G22730	276.799658191871	-0.169801391848649	0.0434571961975289	-3.9073250625015	9.33235637169107e-05	0.0174578875134361
AT1G23170	60.8955476955682	-0.576441216413888	0.112662385491038	-5.11653657874788	3.11196956654566e-07	0.000158399250937174
AT1G23935	110.111146599945	0.412897128491359	0.100571073214635	4.10552572716578	4.03396382099111e-05	0.00940924907198666
AT1G24370	7.66044738773714	1.16923627584743	0.24802179858134	4.71424803196874	2.4260500219704e-06	0.000931560646155547
AT1G26558	9.05234121651466	1.58267468109018	0.25720821307981	6.15328205168581	7.58956524048378e-10	7.91013401992707e-07
AT1G27565	17.6739034380331	-1.77774266063289	0.500710653318236	-3.55043905866931	0.000384589164490015	0.0443026475957525
AT1G27595	275.083638492495	0.430293230353153	0.0986353375978974	4.36246522627937	1.28605032064087e-05	0.00413937990703921
AT1G29410	8.98125130966488	1.07343174492406	0.28757063695892	3.73275851900485	0.000189394150110819	0.0283149783283143
AT1G30250	206.986326767591	-0.863804687256993	0.212219293449464	-4.07034003938332	4.69445657946006e-05	0.010484446036188
AT1G33200	0.77521215317234	2.0254226791197	0.529085164858741	3.82816002724336	0.000129104807493806	0.0220759134501323
AT1G33760	1.7089028111811	2.56156131778683	0.512340663232739	4.99972284382823	5.74127822005918e-07	0.000261790325838407
AT1G34967	1.25771029702721	3.70720970991099	0.501282282383992	7.39545330084337	1.40926681639384e-13	5.14077046840201e-10
AT1G35190	73.8063669185345	0.646543668913949	0.104107377243251	6.21035402134158	5.28653662171297e-10	6.08981194944378e-07
AT1G48620	397.367145708299	0.296594786662266	0.0825348163090917	3.5935717788663	0.000326175739370079	0.0401067888067017
AT1G49320	20.3844491094976	-0.700583709183139	0.185372556966576	-3.77932807664437	0.000157252123461455	0.0254946461200064
AT1G50700	50.1788041377447	0.583680954610292	0.106800054627965	5.46517468219964	4.62451172950272e-08	3.4902306284009e-05
AT1G54520	798.183842902708	0.254613700060404	0.0487907337430597	5.21848475165886	1.80392826721691e-07	0.000106709670228585
AT1G54680	68.02351700709	-0.322642223689213	0.0919460195090537	-3.50903960184425	0.000449727935799999	0.0492159766542729
AT1G57640	3.03417133800987	5.36295994990778	0.35251373910815	15.2134778164276	2.87836731361778e-52	6.29988253931524e-48
AT1G61180	34.248049765677	-0.610661216789206	0.147342563493177	-4.14449974475626	3.40556335680399e-05	0.00871533096308647
AT1G61490	21.1982142938683	-0.380027293328474	0.0956977814979253	-3.9711191563695	7.15357866137051e-05	0.0142336705601288
AT1G64080	3.69544312581112	0.825998676116835	0.203819208018589	4.05260467915027	5.06505487786337e-05	0.010868515305078
AT1G68070	94.7486710565	0.212192286507513	0.0560811624896268	3.78366419467074	0.00015453629427169	0.0252413124830184
AT1G68360	3.96409696299745	-0.996337706346266	0.231842395654469	-4.2974784811626	1.7275202540009e-05	0.00517948435607092
AT1G68670	460.624614774586	-0.514112473447682	0.140105421969606	-3.66946879157332	0.000243055006624985	0.0336692717088674
AT1G70730	154.066742913617	-0.710545848662204	0.170489942992176	-4.16767016395102	3.07728777228932e-05	0.00811477077977065
AT1G70890	294.757087418743	0.437593187143634	0.110149588508896	3.97271740246487	7.10573325496528e-05	0.0142336705601288
AT1G71230	17.5209057672806	-0.38833656830615	0.100459346619373	-3.86560913816716	0.000110812282154338	0.0195592614476774
AT1G72360	28.9926734896795	0.625801551498854	0.161457356224448	3.875955646325	0.000106207030953375	0.0190537154629223
AT1G73580	4.82332711289027	1.98543865392507	0.335445263038716	5.91881559435202	3.24268288852986e-09	2.95719168255221e-06
AT1G74650	69.4308578223755	-1.54327291736778	0.288149382525831	-5.35580851792883	8.51746749821121e-08	5.64914579191966e-05
AT1G74660	13.2637551439874	-0.716949196820379	0.174312891451205	-4.11300157350138	3.90547722770556e-05	0.00932594208404052
AT1G74670	2366.16897453656	-0.401638950643267	0.111094223187054	-3.6153000500036	0.000299999950110982	0.0388526562608228
AT1G77480	127.043323929083	-0.253196479746656	0.0675584315218778	-3.74781465529824	0.000178381987298628	0.0275173785093544
AT1G79060	14.9789267602011	0.580388949351517	0.148910704865625	3.89756364309236	9.71652917567881e-05	0.0177221395056735
AT1G79450	8.84525198958238	-0.772216396814267	0.197918975573547	-3.90167943511465	9.55276108375496e-05	0.0177187526983173
AT2G01610	2.91531255479537	-1.07575344566374	0.257699223869731	-4.17445357230702	2.98702124753584e-05	0.00797279683473377
AT2G05700	64.5561441767644	-2.54258529396171	0.618176603151088	-4.1130403205187	3.90482151861011e-05	0.00932594208404052
AT2G05830	202.111144423238	0.135817587448121	0.03669455389187	3.70130095731216	0.00021449688106879	0.0311111068767394
AT2G07050	574.313847669318	0.276432190525469	0.0595788934562697	4.63976711364012	3.48802026967938e-06	0.00127237166070788
AT2G07170	5.92712481233839	0.801954230220866	0.171761741199049	4.6689922017704	3.02680866623053e-06	0.00112284341148793
AT2G07789	1.54831271282357	-1.76464175778602	0.429129723413338	-4.11214059876789	3.92007434427618e-05	0.00932594208404052
AT2G09490	0.836859920442562	2.7053780049236	0.579030300693254	4.67225635978728	2.97908799286931e-06	0.00112284341148793
AT2G13770	1.37852387904543	1.1678856062634	0.331050882114073	3.52781300205377	0.000419008050097243	0.0467899448595834
AT2G15940	5.25107589652575	-1.23231966744395	0.3298032072835	-3.73653027086739	0.000186576997108654	0.02829821302149
AT2G16750	321.620446921078	-0.455294133569761	0.115942975611471	-3.92687984044387	8.60549448769062e-05	0.0165215089035487
AT2G19170	50.9599175104688	-0.352551739458512	0.0944741775628418	-3.7317259440973	0.000190172331258839	0.0283149783283143
AT2G19365	21.8420317769081	-0.833010337733084	0.20713788681073	-4.0215257119729	5.78223948641166e-05	0.0122686241649927
AT2G19800	222.749523632445	-0.94709052523053	0.223545204634257	-4.2366845971045	2.26844432708167e-05	0.0064479793489398
AT2G22170	207.532509201246	-0.844567672064459	0.122182608619256	-6.91233950239426	4.76725235480996e-12	8.6950710241438e-09
AT2G24260	39.9338838466377	-0.482630852055866	0.106793722814083	-4.51928109010749	6.20499681960454e-06	0.00212201195922945
AT2G26020	16.1563991876306	-3.39929389125241	0.64574172151863	-5.26416952471041	1.40824463397264e-07	8.56173619548869e-05
AT2G26270	32.3872750034623	-0.400513469497581	0.105452386147584	-3.79805032516808	0.000145838717786045	0.0239997895953621
AT2G28350	41.7548570318235	0.346377269710487	0.0975223544340963	3.55177304445169	0.000382644753726069	0.0443026475957525
AT2G29370	1.44014426357822	1.65208152812918	0.411006256581697	4.01960189577015	5.82965647717478e-05	0.0122686241649927
AT2G30470	226.4954114125	0.249159332150292	0.0576354851726106	4.32301960162377	1.53908053369251e-05	0.00467859106123999
AT2G30600	3946.17991014254	-0.708036812146515	0.128703843663956	-5.50128723424289	3.77028401030011e-08	2.94715021905138e-05
AT2G31250	18.6612571308765	-0.612179482846631	0.138169009825669	-4.4306569441225	9.394644363403e-06	0.00311546335123942
AT2G33380	108.699905032041	1.68560667030846	0.237101871534955	7.10920862579507	1.16710214900784e-12	3.19304559191683e-09
AT2G35170	97.5865533332395	-0.598811569756021	0.119196839679876	-5.02372018724854	5.06800598242404e-07	0.000238062750160741
AT2G36680	93.2751010084936	0.629399865674278	0.132351287982106	4.75552505208242	1.97931312068615e-06	0.000787658659499232
AT2G36950	69.7711974431409	0.421185204190756	0.107314292464667	3.92478200729348	8.68083119618086e-05	0.0165215089035487
AT2G40711	2.77905064222711	1.32129617261103	0.323177065675851	4.08845896860855	4.34248335419982e-05	0.00990040970555953
AT2G40750	31.3301989407276	-1.12875737741846	0.265093484637709	-4.25795971168842	2.06301115882978e-05	0.00602041669777433
AT2G43760	255.213248551813	-0.254530472783882	0.067912957429643	-3.7478926322355	0.000178326554382631	0.0275173785093544
AT2G46080	117.901148652364	0.205520845280068	0.0498750875673858	4.12071146747143	3.77704206035876e-05	0.00928855276124407
AT2G46180	145.694670504537	0.553696590427479	0.115942413711963	4.77561724567019	1.79156870766557e-06	0.000726149338975486
AT3G01990	22.7970518506566	0.898240420006899	0.172626557579425	5.20337329668189	1.9570319792967e-07	0.000108832062017351
AT3G02520	192.967295727163	-0.47552973506387	0.131630782063124	-3.6126028244353	0.000303138838636036	0.0390282338895701
AT3G04040	15.2216931684354	-0.436872142326097	0.123289503644761	-3.54346582159074	0.000394904494414065	0.0450170555689617
AT3G05540	41.8484345349138	-0.780034115270745	0.191134178346992	-4.08108126980116	4.4826676558495e-05	0.0101146543282039
AT3G07870	142.044718598191	0.62517238072959	0.154230356547539	4.05349760400048	5.04575169513013e-05	0.010868515305078
AT3G10640	134.852489281046	0.295561188013872	0.0610623328895669	4.84031929386654	1.29630683952333e-06	0.000535325807483906
AT3G10660	41.5434645296428	-0.390150962972256	0.108982294099587	-3.57994815759465	0.000343662381622434	0.0417874363698346
AT3G10730	102.163807282602	-0.234773825508345	0.0555917842138323	-4.22317485989105	2.40884784046565e-05	0.00659030658553395
AT3G10820	2.40068232743633	-1.7333621945503	0.319989949883268	-5.41692698530884	6.06320859641795e-08	4.28082085644515e-05
AT3G11390	4.55700382592876	0.849320718446591	0.216134727374682	3.92958932959554	8.50910615526709e-05	0.0164813103026841
AT3G13690	632.12777636588	-0.26235563805661	0.0605434419166631	-4.33334527656585	1.46860505824785e-05	0.00459190841569581
AT3G14690	387.897739825642	-0.335698355669772	0.0878007316620947	-3.82341182487775	0.000131617673300514	0.0223141225365903
AT3G15520	1027.57560103247	-0.345982902116197	0.0979521672713547	-3.53216178624949	0.000412177100024784	0.0464317013306068
AT3G16420	59.3002938333859	0.488297208726197	0.137615744329401	3.54826557895437	0.00038777700810729	0.0444359967353102
AT3G18430	129.51438783772	0.631019007747394	0.104100461925218	6.06163504058891	1.3474468728305e-09	1.34052589571096e-06
AT3G27160	1690.95250903201	0.473703362143842	0.0961339318626047	4.92753550141756	8.32732964345745e-07	0.000357373066483045
AT3G27290	11.233783759928	-0.438670833993415	0.121821046946574	-3.6009445411005	0.000317063210503193	0.0394076086278639
AT3G28200	115.130277473267	1.1136411265049	0.171511910257711	6.49308333649576	8.40971372720033e-11	1.15039627717021e-07
AT3G29644	15.4106701213795	-1.17066135044725	0.319001260307324	-3.66977029908734	0.000242768516202051	0.0336692717088674
AT3G42820	8.43584408262884	-6.0377178235682	1.5702179276415	-3.84514640756712	0.000120480481841733	0.0207634354808662
AT3G43220	225.220857418861	-0.304565460426593	0.0606455798761322	-5.02205537565415	5.11214385596693e-07	0.000238062750160741
AT3G43540	408.375920295226	0.12148032882388	0.0328224585009415	3.70113435653809	0.000214637782171501	0.0311111068767394
AT3G44400	76.5701907484628	1.10942220981461	0.205436927801319	5.40030568840839	6.65274358473006e-08	4.55026871371834e-05
AT3G44480	29.2647945489375	1.4140503592238	0.229610524624227	6.15847362196479	7.34494150672749e-10	7.91013401992707e-07
AT3G47590	80.9757051512521	-0.511952259845004	0.0874603292625959	-5.85353684534949	4.81227580382913e-09	4.05101078916955e-06
AT3G48440	33.478809072432	-0.318675403321904	0.0825321901728239	-3.86122557337437	0.000112819682484234	0.0197542751242594
AT3G50100	24.4048514382836	0.729732483775366	0.140384325471895	5.19810513974696	2.0133024998972e-07	0.000108832062017351
AT3G50440	101.499276078074	-0.810889482682293	0.161194084391132	-5.03051638492328	4.89160580161952e-07	0.000238062750160741
AT3G54590	1.90272329568113	2.0689937787956	0.416286525464718	4.97011950239296	6.69116486662855e-07	0.000298876582522243
AT3G55290	4.12643860839728	1.48829537019867	0.405871010822267	3.66691714981932	0.000245492290972961	0.0337930174372654
AT3G55970	8.02231352011846	1.21199292780674	0.296371784019717	4.08943426181931	4.32426598664907e-05	0.00990040970555953
AT3G60520	58.8098405417882	-0.425383987965871	0.117441066120128	-3.62210598063505	0.000292214349927959	0.0380696159337693
AT3G60965	3.26390161031787	2.31784115691144	0.59240059945102	3.91262459737447	9.1298404916097e-05	0.017226277486195
AT3G62330	137.305274017293	0.174130998097689	0.0468244280745573	3.7188067267031	0.000200166129940467	0.0296015951757229
AT3G62820	104.472906351411	-0.607524623707067	0.12851400979917	-4.7273026859597	2.27521976895405e-06	0.000889245269341022
AT4G01240	5.7875083324525	-2.9266245569044	0.362299177507179	-8.07792216653986	6.58796308832147e-16	2.88381496228184e-12
AT4G02010	95.9126347082699	-0.188150997763541	0.0525923304788022	-3.57753680148052	0.000346847397301409	0.0419417070979886
AT4G05510	14.055639840012	-1.44165273034928	0.384866993159051	-3.74584663266641	0.000179786408682674	0.0275173785093544
AT4G06643	9.12394979079508	-1.56151968392344	0.428554410319644	-3.64369061739152	0.000268756446408283	0.0355948414282678
AT4G06714	5.8843132769439	-1.31744495256272	0.223893948683181	-5.884236533909	3.9989559752125e-09	3.50100597717904e-06
AT4G08315	1.41555867726097	-1.8852370797927	0.434447059109723	-4.33939427201088	1.42875985361121e-05	0.00453206766898385
AT4G08991	12.1957716050101	0.779319001596881	0.195711994381878	3.98196852501668	6.83468324782283e-05	0.0139804403967382
AT4G09030	31.8037519269838	0.766941547235152	0.192935248301951	3.97512405838285	7.0342578864327e-05	0.0142336705601288
AT4G11790	132.255584426017	0.57212679629002	0.0797583279532527	7.17325464276721	7.32354481942813e-13	2.28986322089748e-09
AT4G13290	2.63741541447974	1.92395104325297	0.382993363931756	5.0234579093015	5.07493508588303e-07	0.000238062750160741
AT4G14140	2.13872917383715	-3.12643747814738	0.557335249273327	-5.60961733933703	2.0277447320495e-08	1.64374996112472e-05
AT4G15910	64.08432144841	0.727395954315009	0.207188361453854	3.51079543856047	0.000446768050890141	0.0491377504011684
AT4G16215	676.082189573755	-0.751113839434357	0.203158907352037	-3.69717404579665	0.000218012878296556	0.0313924201794522
AT4G17470	15.6374668770195	0.840695029460127	0.239275982923499	3.51349525008079	0.00044225232082104	0.0488867502313641
AT4G18650	14.4817801194323	-1.00653920885682	0.271217416149324	-3.7111894329922	0.000206287651329422	0.0303021330513226
AT4G20740	38.6632858999569	0.815132380179076	0.0890107821979896	9.15768135107442	5.30243207955966e-20	5.80271654626611e-16
AT4G20760	181.857670216255	0.877839350924372	0.103981969063806	8.44222665552436	3.11348880985343e-17	1.70362323953155e-13
AT4G21140	24.9994551784382	0.640571168816452	0.0951227356709313	6.73415418825265	1.64886255617589e-11	2.58336633769868e-08
AT4G21910	82.7128947694004	0.553710006794456	0.130836176109537	4.23208644015158	2.31533384854622e-05	0.00649688614655527
AT4G22040	0.360691180215021	2.38066601876725	0.670171003414619	3.55232620724772	0.00038184116456296	0.0443026475957525
AT4G22260	250.8110774971	0.159423838466844	0.0436027413028482	3.65628017191731	0.00025590166192286	0.0347883209596623
AT4G23290	45.4157386875468	0.893530242195952	0.243834244438887	3.66449857874619	0.000247823615994424	0.0339007217704373
AT4G23670	656.948385379664	0.517384285928126	0.142039606408503	3.64253533933442	0.000269965901087059	0.0355948414282678
AT4G25515	37.1554656950498	0.378429001215236	0.0874027606518773	4.32971451236544	1.49302771861316e-05	0.00460252079961777
AT4G26910	166.851748562541	0.955421248752567	0.144897897817527	6.59375507266329	4.28838975388545e-11	6.2573324362194e-08
AT4G28085	20.5430781950685	0.740211921221545	0.190015662387815	3.89553109422527	9.7983790248147e-05	0.0177237290674479
AT4G28950	2.77032547808725	-1.14027609995694	0.269654131406025	-4.2286617082829	2.350855170963e-05	0.00651305912998318
AT4G30620	145.021727708584	-0.95861751260067	0.152823061895836	-6.27272808638045	3.54776180662243e-10	4.31388125897473e-07
AT4G31490	392.070960431173	-0.367719699096605	0.0707661169596248	-5.19626785946734	2.03329226844627e-07	0.000108832062017351
AT4G34500	58.3492708173451	-0.368217921570486	0.086131564882494	-4.2750636433093	1.91082702345396e-05	0.00565165825166714
AT4G34790	43.2509959821699	-0.434857519462409	0.104493902955509	-4.16155878154498	3.16082611279044e-05	0.00823583346793384
AT4G36040	1093.33455453143	0.312094484370106	0.0806526596370696	3.86961181161918	0.000109008780114362	0.0193973591086426
AT4G36280	41.345544502049	-0.512938036761371	0.131597343394453	-3.89778413097503	9.70768914155548e-05	0.0177221395056735
AT4G37450	84.3172934284553	1.03975201398928	0.291816068316303	3.56303893746619	0.000366586279274494	0.043370129159356
AT4G40080	22.4547985058215	0.653365092171996	0.132309700341352	4.93814958756878	7.88673378278369e-07	0.000345233884607573
AT5G02790	942.725427070689	0.159243541851285	0.037451889547654	4.25194946836159	2.11917683409559e-05	0.00610295044313819
AT5G03090	21.9185181536008	-4.17305489175603	1.132236651056	-3.68567373955254	0.000228098411023596	0.0324181163771003
AT5G03530	50.2989727288726	-0.281635287788163	0.0781218880332107	-3.60507528528287	0.000312062450969127	0.0392855535564878
AT5G04370	1.418298036876	1.44908974481385	0.350158662145803	4.13838040142631	3.49766116685668e-05	0.00874014233356249
AT5G05435	17.2500251950565	0.532601803239966	0.139362676527358	3.82169614211889	0.000132536936526557	0.0223141225365903
AT5G06130	541.607431379823	0.137351745733062	0.0347387041297464	3.95385346615302	7.6902517480853e-05	0.015163652253184
AT5G06265	20.082575055123	0.622121229549524	0.162877501067782	3.81956516689574	0.000133687137775536	0.0223359571335356
AT5G06640	1.86705491885916	2.92518793250341	0.434401272370974	6.73383831621315	1.6524479703834e-11	2.58336633769868e-08
AT5G07560	1.5112649799893	2.40997701560134	0.342322118914173	7.04008558735746	1.92121785472715e-12	4.6721883540459e-09
AT5G11470	26.2088963519715	-0.31669219703744	0.0867393432320313	-3.65107902869722	0.000261140862822397	0.0352814201518136
AT5G16830	273.127101646526	0.210645638509961	0.0554367284162704	3.79974873207232	0.00014484287171156	0.0239997895953621
AT5G17125	1.15653815008902	3.18490351578277	0.49754221087435	6.4012729898551	1.54086784510614e-10	1.98382203093166e-07
AT5G19000	253.459661228753	0.165719475178652	0.0450706061106829	3.67688587927314	0.000236098599112411	0.0331249361459829
AT5G19440	156.850493781588	0.311417001863708	0.0872083191157675	3.57095521415001	0.000355681714939667	0.0425399218299699
AT5G19590	395.823856685448	0.171431058450564	0.0487552976586637	3.51615243231115	0.000437849523037706	0.0486457487854126
AT5G24200	2.21467943502502	-1.11253601455979	0.315058890028084	-3.53120019708256	0.000413678519644918	0.0464317013306068
AT5G27950	279.237436870482	-0.363101872989603	0.0699807825717816	-5.18859406319381	2.11887724811737e-07	0.000110418729356059
AT5G28020	801.943675387742	0.639259753571601	0.117597383602238	5.43600319998477	5.4488976532247e-08	3.97533409787097e-05
AT5G28030	122.002888476024	0.608105267236548	0.170954162424777	3.55712466202235	0.000374936255782996	0.0441195152167873
AT5G28145	7.69601579066368	1.7214839730766	0.460866075471031	3.73532369749097	0.000187473883497786	0.02829821302149
AT5G28773	2.64036548695371	3.42927942935937	0.660013285446911	5.1957733351342	2.03870541541161e-07	0.000108832062017351
AT5G32433	2.19866720874289	-3.93601368928731	0.451929814832206	-8.70934724841884	3.0562965895758e-18	2.22977211520152e-14
AT5G32436	1.23122485295992	-3.34335269598681	0.483349497810033	-6.91705010791347	4.61145013503978e-12	8.6950710241438e-09
AT5G35575	0.780647208403303	1.62227245767266	0.453977048156169	3.57346800738393	0.000352284302478721	0.0423650908151196
AT5G35760	8.3605968391471	1.21947971076518	0.264898692471525	4.60357013991778	4.15309236361263e-06	0.00149014315676048
AT5G36275	0.602769713259557	2.1864905812622	0.537564418947857	4.06740197861624	4.75401953467687e-05	0.0105102248035831
AT5G39900	29.4613847304721	-0.394401586554958	0.080182088161859	-4.91882408648179	8.706567030767e-07	0.00036646275500461
AT5G40850	714.664041058836	-0.415952379172643	0.11095672953496	-3.74878009577224	0.000177696806822501	0.0275173785093544
AT5G41640	8.3626850914675	3.73292429972348	1.01023752983594	3.69509564778266	0.000219804027118241	0.0314434688989342
AT5G44420	14.7917955772697	-2.07087143193336	0.492413895910469	-4.20555034927342	2.60447596429385e-05	0.007037551287716
AT5G45720	50.3304211156282	-0.318831239239889	0.0769523509041012	-4.14322935549064	3.42449153755854e-05	0.00871533096308647
AT5G47440	39.2282434192945	-0.625501293984746	0.138100237357208	-4.52932816014524	5.91715359461242e-06	0.0020556942972267
AT5G48335	61.3181138630424	0.469087644263995	0.102333551833403	4.5839085603875	4.56363870858194e-06	0.00161103807120537
AT5G50715	14.147102798263	-1.41067292892206	0.391357001744642	-3.60456800985642	0.000312672566664093	0.0392855535564878
AT5G51380	12.6259481578424	-0.449518593548914	0.124879641224756	-3.59961471013421	0.000318689026688532	0.0394076086278639
AT5G51680	2.00288608295463	-1.85687394872406	0.351853659116888	-5.27740411563317	1.31026723636974e-07	8.19366257212128e-05
AT5G56310	9.36310646437479	0.538225790477245	0.132604400362607	4.05888333272097	4.93079392370702e-05	0.0107920286608176
AT5G57890	1.66504863449252	1.37252962369551	0.380901158032646	3.60337477256468	0.00031411211551996	0.0392855535564878
AT5G59310	3.21648205830756	-2.0270162933347	0.493777745242074	-4.10511877634533	4.04107192747634e-05	0.00940924907198666
AT5G60890	5.26651181520698	1.22446101676461	0.335551948842292	3.6490952324646	0.00026316553988967	0.0353368354083755
AT5G63550	70.2508612991594	0.329929649118548	0.0877512441908915	3.75982873132635	0.000170029720557204	0.0269669601002574
AT5G63770	85.7022319838949	-0.225402501313959	0.0634418232963884	-3.55290074594673	0.000381008192348717	0.0443026475957525
AT5G65240	66.5628248019456	-0.199016142939694	0.0545672821349241	-3.64716979027108	0.000265144726722257	0.0353855038644514
