geneID	baseMean	log2FoldChange	lfcSE	stat	pvalue	padj
AT1G01355	1.84960047748024	1.31112439784955	0.292756230883584	4.47855334758331	7.51505908250401e-06	0.00157748605200842
AT1G02530	1.73506686761206	1.36232724177915	0.325332984581111	4.18748576487944	2.82061705933768e-05	0.00419911863067782
AT1G03106	310.806711191738	-0.542673246034409	0.145761878053516	-3.72301217081719	0.000196860028334851	0.0144992591395679
AT1G03220	290.926520764365	-0.663103240222486	0.193323216073005	-3.43002384137908	0.000603528217205533	0.0282782607307173
AT1G03400	327.796633426049	-0.313035141597473	0.0846682382438715	-3.6971968248097	0.000217993323639179	0.015055775834945
AT1G03530	55.9513925199456	0.538226553315432	0.123104000598079	4.37212885609366	1.23040866920772e-05	0.00232680255633687
AT1G03760	49.2201476329839	0.414006301523841	0.110400888920712	3.75002688448615	0.00017681561264978	0.0135953718869287
AT1G03770	59.0777717651612	0.648656986732246	0.101030350120579	6.42041709207265	1.35901470299388e-10	2.03764840218175e-07
AT1G03830	53.732724940153	0.277666603505714	0.0744449599538211	3.7298240697282	0.000191613514839784	0.0141625327112743
AT1G04050	24.262785637454	0.534592910521941	0.104494557160917	5.11598809590335	3.1210274473411e-07	0.00013370099417783
AT1G04190	104.533049732457	0.195539379848499	0.0495436349925768	3.94681132859543	7.919891783724e-05	0.00817888644721002
AT1G04220	11.9078378527578	1.02277380447809	0.212067898005993	4.82286010327306	1.41514227757209e-06	0.000466891844962473
AT1G04510	271.353207185579	0.178979549874425	0.0496826113256122	3.60245858860801	0.000315221629355443	0.0193564218051586
AT1G04570	2.94402339912595	0.825681822373282	0.230071565908192	3.5888042884133	0.000332198101136475	0.0199804307763775
AT1G04580	6.13264942618669	0.655190672030098	0.198846586710203	3.29495558797278	0.000984372358807831	0.0378644896364168
AT1G04700	6.57576833307607	0.585826544681294	0.136195815549598	4.30135494484378	1.69756884586459e-05	0.00296947230362864
AT1G04800	558.723767002368	-0.492074450646006	0.140077067365923	-3.51288372821626	0.000443271410075669	0.0229745930096256
AT1G04870	113.903578958442	0.295060622669337	0.0896169492442717	3.29246448531829	0.000993134401095743	0.0380014361832543
AT1G04900	32.8520184931676	0.42089830334505	0.104036831389965	4.04566630607367	5.21745099956628e-05	0.00636741360069161
AT1G04945	25.4890749897542	0.503014072365306	0.142351070543097	3.53361636443062	0.000409915600097246	0.0219503529633706
AT1G05010	3786.2296966256	-0.317435013609894	0.0810101590993859	-3.918459328298	8.91167625446526e-05	0.00864994194725213
AT1G05680	71.7048400305732	1.49386640463436	0.46788675679015	3.19279480120948	0.00140903035678514	0.0455731220636009
AT1G05805	388.661052175423	-0.266306469585146	0.0637206397718224	-4.17928116445103	2.92431962038934e-05	0.00431580506456672
AT1G06327	1.55463561862637	-3.85748910024839	1.21737183486961	-3.16870243729728	0.00153121073465083	0.0478518210405417
AT1G06400	516.952686028966	-0.171238749372621	0.0526665405430294	-3.25137644521604	0.0011484768147184	0.0414221251164156
AT1G06440	8.74364964172239	0.531235488183812	0.15839337141846	3.35389974609695	0.000796812267944645	0.0331862823738612
AT1G06560	65.3235408168771	0.274631437551233	0.0845058446941896	3.24985139838636	0.00115465327005428	0.0414372498499845
AT1G06680	29468.524021359	-0.179657761101104	0.0441371775829211	-4.07044063394354	4.69242981982998e-05	0.00597636075250397
AT1G06720	146.233457860168	0.449741923851568	0.123980844432671	3.62751137814524	0.000286166168011873	0.0182913087615044
AT1G06900	364.522146947075	0.19612313715373	0.054060796800797	3.62782549943545	0.000285818324043909	0.0182913087615044
AT1G07030	79.0197985619156	0.204958112529397	0.0587700911648151	3.48745609317861	0.000487638983807262	0.024435342418825
AT1G07070	50.7424129433547	0.352276525968568	0.100190087231238	3.51608163745296	0.000437966293576331	0.0229011015500049
AT1G07250	250.529560163941	-0.227309299312244	0.060418501157341	-3.76224657940932	0.000168393902649793	0.01309169040934
AT1G07790	183.635604931293	-0.267883258064453	0.0658161057000412	-4.07017788754228	4.69772533068055e-05	0.00597636075250397
AT1G08380	19929.4276226774	-0.196661450816258	0.0518182532354897	-3.79521574998918	0.000147515118869703	0.0119095763853613
AT1G08465	114.300959269218	-0.262788227103763	0.0656324537425574	-4.003937261504	6.22968923310194e-05	0.00691182719562885
AT1G08730	14.7561170171307	0.578692620632213	0.167721034051168	3.45032824240559	0.000559905323541906	0.0268946742482109
AT1G09200	84.2230050178931	-0.575635714030023	0.106706864264049	-5.39455186880571	6.86947814938649e-08	3.69736450855825e-05
AT1G09300	40.1225005003416	0.342287984503639	0.0836314440089614	4.09281447378765	4.26168692597637e-05	0.00559106689144812
AT1G09620	900.265084154622	0.196420486129432	0.0545258393351085	3.60233769025101	0.000315368312960995	0.0193564218051586
AT1G10270	39.6640166320193	0.519689667685785	0.103742698687083	5.00940957062736	5.45972727077666e-07	0.000204652027037273
AT1G10500	560.033930970045	-0.137090843865774	0.0430522431152802	-3.18429038641932	0.00145109363169717	0.0465826632709118
AT1G10730	55.8292481155552	0.305326504359069	0.0781213488419235	3.90836191239976	9.29240345959689e-05	0.00882610140363793
AT1G10940	258.134869138318	-0.389707968080013	0.0888956511388662	-4.3838811357739	1.16583401255102e-05	0.00222472925067804
AT1G11070	109.65778716026	0.703174716179221	0.211211728495304	3.32924085792355	0.000870830603511258	0.0352863142925734
AT1G12520	686.069105035943	0.381020136324265	0.111211891115563	3.42607370940521	0.000612374175834459	0.0283760404524087
AT1G13050	12.5427502258092	0.431150648002426	0.121489096622692	3.54888347998379	0.000386868229222783	0.0214830938371353
AT1G13160	115.184859530319	0.327716531516019	0.0893066837489695	3.66956332671798	0.000242965145848622	0.0163464146682962
AT1G13790	43.6385169086999	0.552998916707687	0.136158478547725	4.06143578134839	4.87718349331518e-05	0.00605780820758456
AT1G13880	171.434679367468	-0.207427086625069	0.0566529946721883	-3.66136137772251	0.000250878592842767	0.0166651662732991
AT1G15310	27.391597125229	0.552034796264115	0.129276079279967	4.27020063834546	1.95297197744994e-05	0.00336023235890587
AT1G15420	67.9864135806278	0.444712937531714	0.112519570443454	3.95231634620575	7.73983265983713e-05	0.0080429122456753
AT1G15440	78.147700487608	0.534474957645387	0.14968541786859	3.57065481231183	0.000356089916383827	0.0208208452223201
AT1G15870	4.48088899237858	1.00979611639782	0.308861993161895	3.26940879342352	0.00107772475511207	0.0401108516570167
AT1G16280	43.5546506527777	0.298289308865302	0.0727893925730774	4.09797771791861	4.16775389137562e-05	0.00553704569201681
AT1G16330	12.9088485455065	1.38889200511239	0.238123478282473	5.83265461738648	5.45524136591863e-09	4.97873789182599e-06
AT1G17170	40.3137840472593	1.60750023124615	0.474478681191328	3.38792931056463	0.000704224116432447	0.0313492127101282
AT1G17190	43.1266353952316	-0.741607204925193	0.177096458623217	-4.18758912905766	2.81933315927565e-05	0.00419911863067782
AT1G18910	15.7178385713303	-0.868859367708919	0.199625718809737	-4.35244202445192	1.34629480041482e-05	0.0025008915181865
AT1G19000	1061.04502940539	-0.140395266144329	0.043266722270799	-3.24487871453768	0.00117500658021758	0.0416318096513959
AT1G19090	1.16215542742625	1.74681548593394	0.472449135774048	3.6973620092923	0.000217851570183285	0.015055775834945
AT1G19620	7.98218844012022	-0.608008245431164	0.170915055230577	-3.55737090925615	0.000374585077473663	0.0213168827719135
AT1G20120	6.55348879434922	-1.85886931157021	0.295969047723942	-6.28062064552111	3.37224073167543e-10	4.7191136799066e-07
AT1G22350	31.8851083947287	-0.35216281816277	0.100214017485273	-3.51410737738881	0.000441234413097853	0.0229639530975052
AT1G22690	282.751811066292	0.591897918823501	0.152863881676152	3.87205867294053	0.000107919964200549	0.00980876917501047
AT1G23020	64.5913590751381	-0.443122081497867	0.139699474467844	-3.17196670342424	0.00151410365712068	0.0475075483805982
AT1G23170	60.8955476955682	0.515702551063807	0.111029556451899	4.64473215550693	3.40517942701511e-06	0.000831140945959001
AT1G23280	96.464304039319	0.442241126821729	0.136214083472549	3.2466622800487	0.0011676685783057	0.0415432730969743
AT1G23400	663.535332649258	-0.190160608995524	0.0514855803802859	-3.69347315483187	0.000221211872615541	0.0151738697325613
AT1G24148	57.0700386160157	-0.50786085922503	0.153482787842623	-3.30891083204572	0.000936596609424009	0.037024669356722
AT1G24240	15.5897150388829	0.455136392424495	0.125993495895948	3.61238006127213	0.000303399448860288	0.0189231576318666
AT1G24370	7.66044738773714	-1.17950830657348	0.253167818555306	-4.65899778772953	3.17752617208652e-06	0.00081630446129451
AT1G26470	54.0140437378321	0.272637378236675	0.078056012840117	3.49284274608185	0.000477907852417302	0.0241729246508231
AT1G26540	10.965546778628	0.449275153112611	0.142659408644909	3.14928512167672	0.0016367042364626	0.049719332311992
AT1G27110	3.82255503188198	0.890638543207142	0.226971174987201	3.92401609260455	8.70849143679257e-05	0.00858434730684027
AT1G27470	68.6622310676122	0.479660712650856	0.110157680195686	4.35431021966675	1.33486564329876e-05	0.0025008915181865
AT1G27595	275.083638492495	-0.358216751530017	0.0996281578194263	-3.5955372393744	0.000323722813956222	0.0197501895516316
AT1G29320	50.2742784115026	0.448751497383204	0.11856666900313	3.78480310829476	0.000153830317308159	0.0122119064657006
AT1G29410	8.98125130966488	-1.80025525009501	0.263641258042355	-6.82842762723348	8.58503605564627e-12	2.57440702634387e-08
AT1G29440	18.9815304298697	-0.929326318147789	0.275064830113052	-3.37857194526045	0.00072863364078673	0.0317978144568695
AT1G30240	39.296394819682	0.450538071771492	0.128654907336918	3.50191128420493	0.000461933403658663	0.0235350584373762
AT1G30250	206.986326767591	0.945042705230681	0.202874357225615	4.65826592455796	3.18884120938259e-06	0.00081630446129451
AT1G30475	25.9437906467019	0.399595924537034	0.106069921093283	3.76728784577498	0.00016503068177961	0.0128779146514342
AT1G32400	509.939975418364	-0.150536096290874	0.037492719458997	-4.01507541898911	5.94267887126781e-05	0.00681654492823949
AT1G33060	118.206550145488	-0.237422652778847	0.0738203624492091	-3.21622171581997	0.00129890439296358	0.0432782573217436
AT1G33080	85.4331062711111	-0.303485913243423	0.0736138039645359	-4.12267668424837	3.74495161877004e-05	0.00510456359932479
AT1G33390	74.6112689465254	0.302479963903996	0.0744431574732009	4.06323393809413	4.83974812049693e-05	0.00604709242841375
AT1G34967	1.25771029702721	-2.35593261827242	0.678961408577761	-3.46990651973498	0.000520639533160132	0.0256543296726862
AT1G35190	73.8063669185345	-0.529724437833565	0.109432559509295	-4.84064742896349	1.29416802899752e-06	0.000445342313060443
AT1G35340	259.208162010868	-0.24349511982768	0.062046634660493	-3.92438882721098	8.69502011520531e-05	0.00858434730684027
AT1G47056	65.4187316293973	-0.273602811957736	0.0618734891744661	-4.42197160057116	9.7804314311643e-06	0.00191870127263149
AT1G47510	12.2972149866316	1.18008244585644	0.250059616894868	4.71920440617401	2.36768817873388e-06	0.00066266856746404
AT1G48400	9.62491955945637	0.967838269687209	0.162317021620835	5.96264187220017	2.48191994605907e-09	2.74199903093295e-06
AT1G48620	397.367145708299	-0.315083801760819	0.0802372294590166	-3.92690280914742	8.60467307229186e-05	0.00858434730684027
AT1G49540	65.4009609277408	0.326094755869945	0.0987922320957712	3.30081372747831	0.000964048642341907	0.0375442394274563
AT1G50770	3.32540647391717	0.664463464561908	0.201970688891155	3.28990047125103	0.00100222826229441	0.038111908430837
AT1G50920	494.558686604495	0.257353043565008	0.078051555314099	3.29721864643638	0.00097647452839823	0.0377480236199028
AT1G51380	13.5911286268565	0.611544121857109	0.161510870126361	3.7863960572973	0.000152847989046593	0.0122119064657006
AT1G52040	1100.96066485065	-0.657933694445211	0.185602027698366	-3.5448626429581	0.000392817731507169	0.0214830938371353
AT1G52980	293.360685922068	0.221330089332741	0.0701432871491197	3.155399444885	0.00160278504418305	0.0491872234831086
AT1G53340	5.12448340405135	-2.21507790093273	0.330871748463275	-6.69467221429634	2.1615559338181e-11	4.53732206067756e-08
AT1G53645	93.3363691075502	0.35360714278382	0.0989653428287033	3.57304014392059	0.000352860641349666	0.0208058924791316
AT1G53690	72.9434451823992	-0.321945948298585	0.0934624931012781	-3.44465397418532	0.000571790865091188	0.0273044619087658
AT1G54520	798.183842902708	-0.258014485571606	0.0476169896257093	-5.41853837463717	6.00882429656217e-08	3.31924291602991e-05
AT1G54560	2.14590404559972	1.59242823319062	0.271034777828808	5.87536494743283	4.21912814733597e-09	4.21731994955855e-06
AT1G55820	35.9699208268455	0.374067273869865	0.100905677533561	3.70709838151033	0.000209647515621133	0.0149378304975263
AT1G55900	70.878263995006	0.357900290100811	0.0955459808365922	3.74584348778534	0.000179788661231514	0.0137234319560389
AT1G55950	3.19819477375274	1.13252382643124	0.341398974644249	3.31730295209989	0.000908910031615387	0.036181104829113
AT1G56110	354.139398256965	0.574851919428528	0.164036471999441	3.5044152829042	0.000457611139787067	0.0234285742323667
AT1G57820	45.92526717664	-0.349904394642986	0.0985146282994088	-3.55180139927591	0.000382603523778538	0.0214830938371353
AT1G58270	0.446139070429477	1.6571920273612	0.476994694240936	3.47423576691638	0.000512310667985403	0.0253033252510155
AT1G59700	110.556458359129	-0.344676386486475	0.0715863795725342	-4.81483193513419	1.47323827529896e-06	0.000475765302104622
AT1G59930	2.06667847745337	-2.07430176278557	0.398629106364289	-5.20358832224851	1.95476782856006e-07	8.73032584878812e-05
AT1G60080	30.6699770719821	0.479188829898978	0.119483084207367	4.0105160749561	6.05861751300859e-05	0.00683190868192704
AT1G60640	72.3336049356216	0.510878585295727	0.142768083407338	3.57838091752003	0.000345729327093756	0.0204595134043209
AT1G60850	35.5786311606513	0.455067795089952	0.138801538383009	3.27855008230699	0.001043418473431	0.0392516078419179
AT1G61150	253.980923777645	-0.188479240968008	0.0549613092329877	-3.42930770024094	0.000605123071683124	0.0282898405293997
AT1G61490	21.1982142938683	0.328808971716892	0.0925647495861682	3.55220505847968	0.00038201702446176	0.0214830938371353
AT1G61520	37575.9808681991	-0.173658083181952	0.0414568197177455	-4.18889061834181	2.80321465619252e-05	0.00419911863067782
AT1G62960	225.452519114533	-0.282449221959599	0.077006169975951	-3.66787780833416	0.000244572007935119	0.0164019521359939
AT1G63210	14.2905761585148	0.564095715246404	0.167132891346325	3.37513287003161	0.000737800599433895	0.0320645390946519
AT1G63810	81.3500199297542	0.473861357493262	0.118970425627017	3.98301809038542	6.80455737196811e-05	0.0073248442971786
AT1G64110	11.7622918558655	0.864493991249567	0.207141206471925	4.17345252532715	3.00018200132808e-05	0.00437339030485262
AT1G64200	49.5730367445687	-0.625228275820804	0.177150023279294	-3.52937168309073	0.000416547652159979	0.0221922633667262
AT1G64600	32.692412967711	0.556516086091369	0.175374829083634	3.17329510169315	0.00150719244471998	0.0475075483805982
AT1G65030	37.8968647887185	0.505261249838688	0.130526267787821	3.87095454732547	0.000108410006602945	0.00980876917501047
AT1G65080	39.7445115724275	0.300242001657849	0.0932880924029881	3.21843864446125	0.00128890542543694	0.0432562014675222
AT1G65480	4.7755402168074	1.22845767762191	0.358484223550946	3.42681099171811	0.000610713995593352	0.0283617200918143
AT1G65760	1.83165666780779	-1.45623917347763	0.346358269053868	-4.20443022034837	2.61740670047545e-05	0.00410014806340897
AT1G65960	2098.19066231723	-0.163540741427101	0.051444231186937	-3.17899087329791	0.0014778874447741	0.0472181664433077
AT1G66100	472.080786344051	-0.457164957199829	0.139708621534321	-3.27227448226967	0.00106685946308459	0.0399188003379833
AT1G66130	199.015425501265	-0.254114704594543	0.0780642414930475	-3.255199816643	0.0011331261229673	0.0410620115535755
AT1G66310	2.02653009745807	-3.94482033156859	0.669917535244279	-5.88851630839929	3.89678099884197e-09	4.08986649733459e-06
AT1G67000	2.63868600541044	-1.01313562101064	0.269429692970312	-3.76029683232529	0.000169711860228941	0.0131172174589216
AT1G67280	1632.31983745412	-0.114060904600142	0.0323796241207014	-3.52261360956377	0.00042731385089538	0.0225049339206235
AT1G67650	31.8078266325535	0.462100188503105	0.11096440552241	4.16440016352614	3.12172186468516e-05	0.00448822353846618
AT1G68360	3.96409696299745	0.779180918442169	0.215763789395243	3.61126823284903	0.000304703314733501	0.0189231576318666
AT1G68670	460.624614774586	0.544444606239092	0.13536360874374	4.02208991982322	5.76840267280225e-05	0.00665299673103253
AT1G69070	133.940907959344	0.395538999479468	0.103547955785289	3.81986294639785	0.000133525846882118	0.0110348072909549
AT1G69370	102.395550062206	-0.329703840883194	0.104222046714607	-3.16347501585751	0.00155897732224232	0.048409013270989
AT1G70690	16.4776433788615	-0.517867353031896	0.137159266793287	-3.77566434364493	0.000159581766635799	0.0124991823263136
AT1G71230	17.5209057672806	0.430427877742994	0.0936550749287449	4.5958841853522	4.30918012405954e-06	0.00101633707847341
AT1G71750	52.1006635789784	0.213680956775522	0.065521237269173	3.26124727922464	0.00110923260968495	0.0406350815181445
AT1G71850	17.5582810227649	0.569962853100064	0.177922285878921	3.20343710898551	0.00135797696417933	0.0448196453696357
AT1G71860	347.77917521237	-0.117856186649467	0.0363820014490259	-3.23940910217909	0.00119777637730191	0.0417539250868696
AT1G72440	221.809899265791	0.323463698838094	0.0834480105634254	3.87623020194402	0.000106087321252567	0.00978035344001998
AT1G72730	26.7935859385795	0.467203335233701	0.0927825166751372	5.03546737010311	4.76684327892242e-07	0.000181928740487019
AT1G73130	43.4782596235583	0.578466209994265	0.144282072432459	4.00927294875844	6.09059836726394e-05	0.00683190868192704
AT1G73240	63.2708736960327	0.201370537500893	0.0587583962452658	3.42709383456185	0.000610078214721972	0.0283617200918143
AT1G73490	8.33560854228682	0.666425791049789	0.196250118516481	3.39579815842925	0.000684288001912845	0.0308237970990398
AT1G73580	4.82332711289027	-1.92915908563521	0.358987436202167	-5.37389025656259	7.70557668724593e-08	3.85153736439618e-05
AT1G74000	6.38316194078244	-0.556613455440813	0.169696594786077	-3.28005082330905	0.00103788388005531	0.0391135018424434
AT1G74310	25.0714066638145	0.324540014788795	0.0978374796358067	3.31713384274486	0.000909460373980737	0.036181104829113
AT1G74590	170.165090690533	1.9101803062533	0.53975780463573	3.53895819541218	0.000401709463685583	0.0216916527300618
AT1G74650	69.4308578223755	1.56914655252626	0.269453542358394	5.82344005869173	5.76484965744762e-09	5.04208163164513e-06
AT1G74660	13.2637551439874	0.863132149129206	0.157209960587288	5.49031464612553	4.01218344372035e-08	2.40627836191811e-05
AT1G74670	2366.16897453656	0.356376780908946	0.109917419797719	3.24222294850794	0.00118601201104371	0.0417275145942577
AT1G74675	0.578239906514976	-1.51881297775088	0.471952241922375	-3.21814972541372	0.00129020449265976	0.0432562014675222
AT1G74700	23.9440101853672	0.287595136302309	0.0865084387502187	3.32447493512975	0.000885851959214879	0.03555433742998
AT1G74870	6.34485303706456	0.715715066280744	0.218790993820327	3.27122727395486	0.00107081816170949	0.0399245897556729
AT1G75335	15.2806202483505	0.524078177917664	0.163939092346323	3.19678589418163	0.00138968035570702	0.0453666879419068
AT1G75670	30.3339480852631	0.498697471324115	0.141006300932054	3.53670345245366	0.000405154308564335	0.0218066515155743
AT1G76780	28.9762802303666	0.447969701776948	0.126336813412031	3.54583663841474	0.000391368745934831	0.0214830938371353
AT1G76820	90.7375374587569	0.679495715593416	0.10876959538098	6.24711081450097	4.18114431892126e-10	5.16272943520448e-07
AT1G77030	94.863879597144	0.527750202158326	0.125631194981991	4.20078947934848	2.65985835007605e-05	0.00413273281810068
AT1G77550	66.0802154774764	0.300482834096946	0.0946818921859506	3.17360402458807	0.00150558939268635	0.0475075483805982
AT1G77740	367.557954734665	0.151500126237101	0.0408134101783199	3.71201831886074	0.000205613101804105	0.0148828435171378
AT1G77840	258.726982961654	0.161801129297059	0.0477240440927786	3.39034824841137	0.000698038886462029	0.0313326732072463
AT1G78080	818.195134119645	0.201277454412129	0.0595629014791469	3.37924193438758	0.000726860124333813	0.0317865018122731
AT1G78270	133.006492766877	-0.421484067882505	0.130805892724809	-3.22221009392312	0.00127205822732782	0.0431530309289338
AT1G78750	14.3347214756006	0.504541007530094	0.13094492614691	3.85307794945822	0.000116642236526632	0.0103309585946436
AT1G78950	11.3463041636897	0.470255079852595	0.141425242120141	3.32511419321533	0.000883823274551012	0.0355447263433561
AT1G79040	35994.858850121	-0.142918390947817	0.0361172763679866	-3.95706446664666	7.58764587685484e-05	0.00796361373005299
AT1G79150	207.461892638939	0.255143169658637	0.0758385829361831	3.36429241924702	0.000767401877995299	0.0329270229643113
AT1G79470	68.034241863285	0.569882786641938	0.135213579455195	4.21468604660953	2.50125890145904e-05	0.00396604133502823
AT1G79810	142.837153059427	0.149107290488361	0.0443218253235408	3.36419561694282	0.000767671107938365	0.0329270229643113
AT1G80270	46.2649076880988	0.589271997965157	0.155892445724201	3.77999071877847	0.000156834204866377	0.0123299879938206
AT1G80480	487.212272628349	0.193721364669251	0.0533142913356851	3.63357290917579	0.000279523412532854	0.0181211927578206
AT1G80750	129.060384586881	0.391030960818343	0.123735757202806	3.16020986704299	0.00157655534563948	0.0487385467751375
AT1G80920	4194.80418441092	-0.972988244303232	0.274787035440108	-3.54088118729787	0.000398793115420759	0.0216619958626405
AT2G01090	7.68123159801476	-2.77104461182875	0.719401654241114	-3.85187411718129	0.000117217279215634	0.010338268521073
AT2G01370	14.3064367230017	0.871702280121982	0.22746248318088	3.8322903536967	0.00012695577532445	0.0107025248186166
AT2G01830	37.2090295357983	0.469196506558491	0.131387606778296	3.57108648268641	0.000355503477943099	0.0208208452223201
AT2G02150	11.9880022975017	0.553311981661775	0.136951545330446	4.04020254263437	5.34050602871761e-05	0.00640143760463375
AT2G02790	98.7906690928939	0.208268454441388	0.0536217829370289	3.88402703218522	0.000102740477438322	0.0095850016084792
AT2G03470	218.196977157074	-0.235318129085527	0.0437893105201628	-5.37387152915264	7.70637746199035e-08	3.85153736439618e-05
AT2G04050	87.2015715602339	1.48650558988915	0.461604247003227	3.22030310496419	0.00128055124048713	0.0432562014675222
AT2G05120	87.6727791540729	0.290823080693431	0.0784046723161923	3.70925701367124	0.000207868339781356	0.0149378304975263
AT2G06025	284.325161149621	-0.157041084232575	0.0441750867210973	-3.55496946104634	0.000378022993591324	0.0214461639418256
AT2G07050	574.313847669318	-0.27651641977675	0.0582813567654795	-4.74450896689717	2.09012721056797e-06	0.000631054166241513
AT2G07170	5.92712481233839	-0.832451238923365	0.176033726920793	-4.72893037876731	2.25705757555836e-06	0.000655140548521533
AT2G07629	1.04613354920551	-1.67207531149942	0.431899745945548	-3.8714431466932	0.000108192893881208	0.00980876917501047
AT2G09150	0.669920966537641	1.85749226657643	0.568495503474287	3.26738251265771	0.00108546909692391	0.0402563282924554
AT2G13770	1.37852387904543	-1.29734012928067	0.361083937446941	-3.59290457075872	0.000327012372667782	0.0197818925494796
AT2G13840	65.7920199058285	0.199394894066281	0.0593508993231105	3.35959347440991	0.000780572400603658	0.0330423480924447
AT2G15042	13.4963225532387	-0.635370554019727	0.195978463423775	-3.24204273734828	0.00118676224156886	0.0417275145942577
AT2G15080	661.790795351157	-0.511220768638408	0.126570244633535	-4.03902805211898	5.36731465111496e-05	0.00640143760463375
AT2G15400	3.09696206579417	1.39493592061937	0.25133812860386	5.55003702927209	2.85609096855032e-08	1.81673350063151e-05
AT2G17250	47.6661263277634	0.542580637805131	0.128643459878652	4.21770868349579	2.46797379712009e-05	0.00395459831872885
AT2G17470	4.0041981781973	0.730169947246859	0.207221315153519	3.52362374838668	0.000425688262941186	0.0225049339206235
AT2G18330	65.2413538515984	0.320713940485713	0.091683598842151	3.49805139126221	0.000468670814317368	0.023762968752019
AT2G18510	82.7139341072876	0.210423753127877	0.0621067342332629	3.3880988225457	0.000703789019912957	0.0313492127101282
AT2G18600	59.6285822793314	0.362627053225521	0.0871393957025481	4.16145935259128	3.1622028871443e-05	0.00451549665333646
AT2G18900	58.997044427079	0.549363508873343	0.138441072758854	3.96821187473938	7.24139395337019e-05	0.00771594418655806
AT2G19490	17.4441144822716	0.402257647419236	0.121273660000144	3.3169415965409	0.000910086387012133	0.036181104829113
AT2G20280	233.495759879356	0.126024798898345	0.0398754822588926	3.16045830067021	0.00157521150908175	0.0487385467751375
AT2G20585	45.043332808797	0.361299953188507	0.103700717229638	3.48406416889514	0.00049386106732718	0.0245654920954143
AT2G20720	56.427162494417	0.73919001539428	0.21601234841171	3.42198036746222	0.000621668022855956	0.0286800735555371
AT2G21440	177.826511072304	0.314939147326572	0.0806136185355656	3.90677348378332	9.35367639230081e-05	0.0088442802320174
AT2G21640	23.0288433771349	1.08142942766075	0.32153919520789	3.36328958888372	0.000770195239649224	0.0329270229643113
AT2G21710	39.7451379034666	0.332399053533001	0.0926474309637997	3.58778489673265	0.000333499241986885	0.0200013788244192
AT2G22200	7.61538755769391	0.906471690855198	0.287035663641219	3.15804551725755	0.00158830756115989	0.048940216713756
AT2G22490	180.372447581795	0.227525997808023	0.06284659968663	3.62033903095043	0.000294217245664734	0.0185879736058812
AT2G23590	4.26375837411705	-0.992870228984496	0.250588303014854	-3.96215712002185	7.42756324300434e-05	0.00783477286602533
AT2G23770	53.3492464162297	-0.540470811175398	0.144284615963364	-3.74586581921272	0.000179772666724206	0.0137234319560389
AT2G23840	298.637162314298	-0.293144722429363	0.0728508997209876	-4.02389982213097	5.72422740020232e-05	0.00665299673103253
AT2G24040	43.1450867804441	-0.31442803229873	0.0965885492914655	-3.25533445325814	0.00113258903532784	0.0410620115535755
AT2G24500	152.245419160127	0.288519348456608	0.0790904464369	3.64796712440857	0.000264323449873554	0.0174073360601684
AT2G24960	28.9801130298839	0.742068199490343	0.159281849971727	4.65883714699484	3.18000646924445e-06	0.00081630446129451
AT2G24990	70.6476305144294	0.403246917681499	0.0929213361870688	4.33965905171321	1.42703949764031e-05	0.0026276303592077
AT2G25180	99.7797295115893	-0.314256532329692	0.0881517872451321	-3.56494793980533	0.000363928417758819	0.0211178367151932
AT2G25620	47.5647999900918	0.318670910286987	0.0901440486914544	3.5351297718803	0.000407574941765087	0.0218808327431993
AT2G25625	12.1143734815218	-0.890311111341229	0.222552490480621	-4.0004544969078	6.32209433357505e-05	0.00691182719562885
AT2G25640	64.6270316436966	0.360055049965994	0.0810465986477026	4.44256829988757	8.88914029566157e-06	0.00179415330717531
AT2G26790	7.32605092465853	0.554776066685848	0.175688719562263	3.15772161165554	0.00159007325991052	0.048940216713756
AT2G27380	7.38642629844542	-0.910366861890167	0.273306725738825	-3.33093471969703	0.000865548978661246	0.035142627874426
AT2G27470	47.1856819243568	0.294627460399993	0.0871098449395641	3.38225215076897	0.000718941206615247	0.0316913984260286
AT2G27650	2.34029538649554	1.15214980025321	0.293295312817298	3.92829257715043	8.5551092943963e-05	0.00858434730684027
AT2G27840	38.0578951375255	0.741298790448467	0.234692914282137	3.1585904189562	0.00158534122381812	0.0489380847487739
AT2G28740	248.750293673914	-0.30300506909297	0.0785026284125645	-3.85980794809251	0.000113476173280711	0.0101139267231595
AT2G28970	2.09921046040883	-1.26880784757909	0.335368926434041	-3.78331964463808	0.000154750470195624	0.0122119064657006
AT2G29200	63.9997888766731	0.410259834226868	0.121456121275053	3.37784403058437	0.000730565046546155	0.0318159562075733
AT2G29290	630.556495416867	-0.432409412815622	0.112789038149261	-3.83378934611879	0.000126184213807414	0.0106803743227074
AT2G30160	90.5369842029753	0.230337495441144	0.0709979710906256	3.24428278587185	0.00117746785061343	0.0416318096513959
AT2G31110	15.2991727870742	-0.793632255143262	0.246213331645088	-3.22335208187373	0.00126699716692979	0.0431045989157589
AT2G31250	18.6612571308765	0.702167457115234	0.12577394161458	5.58277372960885	2.36712628860789e-08	1.60284993303768e-05
AT2G33845	79.4398870569063	0.297173469432729	0.0753557645109266	3.94360632343713	8.02653807882076e-05	0.00817888644721002
AT2G34560	241.186591852627	-0.17489647152712	0.0509521174019555	-3.4325653269202	0.000597899822140885	0.0281617929218101
AT2G35035	10.6866889200817	0.433809778533357	0.137613708497107	3.15237328657906	0.0016194909394227	0.0494828738128413
AT2G35170	97.5865533332395	0.435018244188433	0.121975576308041	3.56643729306779	0.000361867348171422	0.0210998819596287
AT2G35340	77.0615502668307	0.353970149032745	0.0636170735763863	5.56407469148555	2.63547054669802e-08	1.72878632017932e-05
AT2G35480	23.6299904835571	0.367082588998471	0.116333633816828	3.15542957745528	0.00160261949799897	0.0491872234831086
AT2G35550	5.40966011494297	0.835674649021313	0.202995262768092	4.1167199550662	3.8430256033692e-05	0.00517108656668737
AT2G36070	141.212591193771	0.274650465383232	0.0659025799876042	4.16752220375729	3.07928526579763e-05	0.00445774324236952
AT2G36307	5.2487155006188	-0.571115069211134	0.175341706492384	-3.25715473309791	0.00112535070129311	0.0409695598702219
AT2G36340	37.1702511488948	0.381538932415847	0.10703070738256	3.56476138247047	0.000364187360816537	0.0211178367151932
AT2G36660	0.68447061956909	2.18199681741069	0.584348058396171	3.73407045006618	0.000188409753947575	0.0139749439756663
AT2G36680	93.2751010084936	-0.674150840173541	0.128447402670596	-5.24845832735444	1.53377325397348e-07	7.15454097203497e-05
AT2G36800	110.116926053148	0.914557376322048	0.246309284420253	3.71304467257364	0.000204780723400217	0.0148738829235085
AT2G36950	69.7711974431409	-0.380456402849433	0.107264957200027	-3.54688439524533	0.000389815604634698	0.0214830938371353
AT2G37230	80.0840051027483	0.332944563381698	0.101000724956504	3.29645716429345	0.000979125445141093	0.0377809231966115
AT2G37400	114.420320400188	0.284988573494409	0.0782904824451335	3.64014327915441	0.000272486372269638	0.0178185714651464
AT2G37470	121.129121237961	-0.314472275019355	0.0808773948492316	-3.88825920525236	0.000100965769496125	0.00946148422988021
AT2G37510	10.1075403198902	0.602552330727824	0.174198326640684	3.45900183054398	0.000542181219789629	0.0262838937288778
AT2G37890	12.5679851399154	0.424418487067463	0.117250510341398	3.61975812157818	0.000294878529405862	0.0185879736058812
AT2G38110	65.741823531288	0.298879805732015	0.0926992285019248	3.22418870752316	0.00126330121606295	0.0431045989157589
AT2G38500	9.31084908358012	-0.475444302003652	0.146101285878718	-3.25421024971902	0.001137080899152	0.0410816956180716
AT2G38780	376.952634007659	-0.190202095279156	0.0599439339336406	-3.17299988168467	0.00150872585937319	0.0475075483805982
AT2G39230	2.86925731111755	1.01276474732759	0.310955134961437	3.25694813643515	0.00112617007503778	0.0409695598702219
AT2G39970	397.432095195014	-0.131211007719626	0.0404022640300672	-3.24761522329489	0.0011637653291573	0.041474699531988
AT2G40360	289.786252234257	0.351148834428654	0.0995482176185342	3.52742462727204	0.000419623213269401	0.0222995211892101
AT2G40711	2.77905064222711	-1.92361038929249	0.329509929495449	-5.83779187546171	5.28971753996569e-09	4.97873789182599e-06
AT2G40830	164.394559327483	-0.162355720168154	0.0472224645825592	-3.43810348746848	0.00058580377277898	0.0277575778654708
AT2G40940	512.769098571763	-0.455270867521043	0.0901787360306756	-5.0485390188456	4.45201551063322e-07	0.000173059736266115
AT2G41310	181.260806493819	0.374829793291908	0.118100610407195	3.17381757807639	0.00150448214666405	0.0475075483805982
AT2G41520	149.143058908707	0.158165108698679	0.0422850051011056	3.74045381620502	0.000183688297213052	0.0138200754365562
AT2G41730	41.6022182597909	1.63315936510995	0.455909789856314	3.5821984994546	0.000340714739790911	0.0202604620480199
AT2G42065	1.48819718637469	3.38589466546791	0.620011135284088	5.46102234747204	4.73400446271839e-08	2.76031910213671e-05
AT2G42300	141.847241387406	-0.230954734343261	0.0604241879521146	-3.82222322170535	0.000132253885345277	0.0109923283376187
AT2G42500	475.278387194929	-0.435013863971818	0.103592349649435	-4.19928561755711	2.67758402773423e-05	0.00413273281810068
AT2G42540	307.69900552214	1.07858256808801	0.227215929217311	4.74694961661973	2.06507365953459e-06	0.000631054166241513
AT2G42590	1261.50029053201	-0.744972675897591	0.100978852231505	-7.37751181989728	1.61275057780006e-13	6.77064947572022e-10
AT2G43110	37.2063735231943	0.578423202993974	0.180010739659123	3.21327051979956	0.00131232621015654	0.0435870877806899
AT2G43140	22.8049479155516	-0.75408115445388	0.219208537258166	-3.44001727252888	0.000581677063031793	0.0276243964481909
AT2G43465	29.0261086776283	0.325332743020893	0.0808450977096914	4.02414929584398	5.71816354604153e-05	0.00665299673103253
AT2G43470	0.656110506018166	-1.86847685649255	0.572429941353572	-3.26411447324775	0.00109806790048531	0.0404377952615565
AT2G43650	172.499226391722	0.396821261860272	0.121797052793305	3.2580530707397	0.0011217942494649	0.0409523184182917
AT2G44860	147.450836108098	0.414031488655483	0.11370483300263	3.6412831163114	0.000271282607801684	0.0177952913136411
AT2G44900	233.476431619659	-0.538299512240556	0.0563148070120829	-9.55875622773702	1.1918033499379e-21	1.25085720592732e-17
AT2G45260	160.900984048065	-0.182715972120456	0.0495038653526528	-3.6909435418595	0.000223423729465396	0.015177629466693
AT2G45660	463.534660636869	0.731721877460069	0.144022180057982	5.08061936824928	3.76206248934042e-07	0.000148998969271217
AT2G45840	0.669441917713967	-1.5742994431396	0.48209620507435	-3.26552963198873	0.0010925957322536	0.0403779524924919
AT2G45920	7.62368796832668	-0.786240985256487	0.246208750854366	-3.19339171547787	0.00140612062762518	0.0455545032257765
AT2G46080	117.901148652364	-0.185810971390326	0.0497587857103495	-3.73423444197269	0.000188287042729813	0.0139749439756663
AT2G46180	145.694670504537	-0.929111912465002	0.088845166864779	-10.4576528499192	1.35162373015564e-25	2.8371933719697e-21
AT2G46290	32.7478076145191	0.510565191622646	0.0990103870216585	5.15668312165026	2.51362650376922e-07	0.000109924029042958
AT2G46455	2.04201742493869	1.0085016319027	0.262950596312955	3.83532741908072	0.000125397132252402	0.0106803743227074
AT2G46470	120.268187877804	0.350756019644088	0.108804549136668	3.22372568451625	0.00126534547526236	0.0431045989157589
AT2G46520	191.502581290406	0.158785770389833	0.0455368697491568	3.4869715741226	0.000488523278735787	0.024435342418825
AT2G47190	4.26677048203054	-0.997879898924907	0.252947471198734	-3.94500840113519	7.97971808981916e-05	0.00817888644721002
AT2G47940	1165.5478789761	-0.161800287467498	0.0389720738782722	-4.15169816142899	3.30017335879354e-05	0.00456851141323507
AT2G47990	63.8818894458592	0.661809830580635	0.164495985412515	4.02325825108121	5.73984978635694e-05	0.00665299673103253
AT3G01160	109.542113446318	0.371082761291177	0.0888170948238127	4.17805560998474	2.9401177849223e-05	0.00431580506456672
AT3G01410	24.9140842440904	0.368443397528938	0.0954688496768637	3.85930488086972	0.0001137100046051	0.0101139267231595
AT3G01600	4.03211182528817	1.57008042146743	0.495517224011071	3.16856881130807	0.00153191480821514	0.0478518210405417
AT3G01820	65.2810722671061	0.580409430086779	0.124710111453239	4.65406873046061	3.25448240781878e-06	0.000820816400020078
AT3G01990	22.7970518506566	-0.787420214879763	0.177420771055402	-4.43815123897687	9.07348575659444e-06	0.00181391942396832
AT3G02490	50.6376703201476	0.260234394987733	0.0817257117657441	3.18424140169816	0.00145133923010701	0.0465826632709118
AT3G03060	27.6026253447269	0.671218136589644	0.200717771268206	3.34408922712049	0.000825531816722864	0.0341806364363537
AT3G03960	359.255579246127	0.232141441345195	0.07155273315175	3.24434065785952	0.00117722862236384	0.0416318096513959
AT3G04230	58.2558635028194	0.341151885109897	0.0958998217472246	3.55737767697957	0.000374575430225109	0.0213168827719135
AT3G04710	32.4620931580008	0.39850132876614	0.112272588406692	3.54940893784888	0.000386096977614809	0.0214830938371353
AT3G04820	61.1912365025794	0.250975061840567	0.077674940243936	3.23109436650207	0.00123317219353494	0.0425049548678028
AT3G05060	162.179090825788	0.576435985746385	0.140902111548743	4.09103866088604	4.29445527090009e-05	0.00559906276965614
AT3G05160	344.798982795642	-0.224963172336763	0.0694721170592682	-3.23817931364956	0.00120295175742985	0.0417539250868696
AT3G06435	3.9288489597016	-0.991575605891162	0.305117953568224	-3.24981075120329	0.00115481831081134	0.0414372498499845
AT3G06530	142.971099484786	0.455814400282463	0.142167743511451	3.20617313761998	0.00134513027220453	0.0444655583367641
AT3G06640	15.9998493806159	0.613026353239425	0.187383631890986	3.27150427736433	0.00106976970270229	0.0399245897556729
AT3G07030	66.4244851659838	0.281930876955777	0.075832162401376	3.71782721246337	0.000200943627628894	0.0147482786278255
AT3G07050	240.046558931641	0.38061891635264	0.107251614063101	3.54884091654513	0.000386930765580643	0.0214830938371353
AT3G07810	269.607538981111	0.168136372790577	0.0459673003959781	3.65773868254592	0.000254450271737983	0.0168491030096278
AT3G07870	142.044718598191	-0.570026629985859	0.153622548053244	-3.71056617149907	0.0002067962317036	0.0149170436415473
AT3G08940	10437.867396848	-0.281441662674975	0.0855171354062677	-3.29105577891407	0.000998121199968168	0.0380246136270995
AT3G09720	35.7309471255909	0.486637923621384	0.110827587282171	4.39094575236388	1.12858697386492e-05	0.00217341001544941
AT3G10100	27.0813789907863	1.44689511120213	0.340530715119042	4.24894156962118	2.14782927775524e-05	0.00357818129915558
AT3G10450	84.3138146181635	-0.336529490919379	0.100209087480242	-3.35827318042121	0.000784310594407692	0.0330423480924447
AT3G10530	53.209708489566	0.601234299541972	0.14789113843021	4.06538421384656	4.79533970186075e-05	0.00602748357375802
AT3G10640	134.852489281046	-0.208459028166688	0.063779456075095	-3.2684353394492	0.00108143884563737	0.0401778456792461
AT3G10660	41.5434645296428	0.444092909816837	0.102633147175015	4.32699300411734	1.51158760649972e-05	0.0027119432006868
AT3G10730	102.163807282602	0.207842081716031	0.0548839498134272	3.78693739103272	0.000152515509739426	0.0122119064657006
AT3G10970	458.191556310638	-0.150425272201211	0.0467965300836858	-3.21445354884661	0.00130693058741769	0.0434766718866635
AT3G11830	412.452743318502	0.200103122392052	0.0569942549703484	3.51093496171073	0.000446533632561631	0.023086668672663
AT3G11964	188.821035919321	0.442583558728145	0.108572869231133	4.07637342424803	4.57435373416164e-05	0.00589081344992559
AT3G12270	50.0708024160981	0.510538875806418	0.147475255027155	3.46186128454167	0.000536453571191313	0.0260664280390668
AT3G12860	17.9928382323387	0.936195686837187	0.237375624256195	3.94394196864447	8.01530619711089e-05	0.00817888644721002
AT3G13230	57.1770061659346	0.729565941676026	0.164508494808691	4.43482230218231	9.21482646836169e-06	0.00182479643771113
AT3G13620	40.9084861462711	-0.389387490665079	0.107168715138119	-3.63340635523377	0.000279703989973507	0.0181211927578206
AT3G13860	32.3493011707688	0.422301599551702	0.129434732401239	3.26266058357965	0.00110371622068139	0.0405036838956695
AT3G14050	631.021424100356	-0.387159695796819	0.120324452868707	-3.21763105143117	0.00129253964001759	0.0432562014675222
AT3G14160	25.4834215006473	0.249250364564186	0.076476446462513	3.2591781665269	0.00111735473624683	0.0408613123145596
AT3G14395	1.75022758562593	2.0428109343423	0.619380008709281	3.2981544538373	0.000973225843059796	0.0377308526869732
AT3G15000	408.109386557451	0.301037810660811	0.0884617141146628	3.40302936330864	0.000666431179580388	0.0302793439189869
AT3G15030	221.569594310139	0.178504938326774	0.055855468528587	3.19583637966289	0.00139426153921515	0.0453751069297135
AT3G15080	36.6780524468203	0.447069838712482	0.123428321033833	3.62210094869504	0.000292220035619533	0.0185316941622043
AT3G15355	84.3436449665202	-0.25448459039382	0.0750661093618806	-3.39013960570401	0.000698570390214437	0.0313326732072463
AT3G15500	96.8109810842197	-0.472404603107393	0.148918006531031	-3.172246352955	0.00151264631267446	0.0475075483805982
AT3G15950	25.1248960584636	-0.682513022903007	0.142172387334539	-4.80060183062846	1.58189512232675e-06	0.000495605380787476
AT3G16460	99.8730705740959	-0.593660522340197	0.132279373173982	-4.48792966050252	7.19186643320298e-06	0.00154045375815677
AT3G16810	80.0346642741485	0.511540686038013	0.142455272473149	3.590886298255	0.000329555390476613	0.0198784402341798
AT3G16840	212.758932464605	0.233764410157222	0.0644297491733938	3.62820611838972	0.00028539737432268	0.0182913087615044
AT3G18240	52.6103197618657	0.282950149327441	0.0743692898939821	3.80466385696036	0.000141996889407795	0.0115083270484904
AT3G18430	129.51438783772	-0.374554305610066	0.113768487196115	-3.29225003198301	0.00099389207110698	0.0380014361832543
AT3G18600	88.1408313475447	0.468943291304984	0.139797006280744	3.35445875259474	0.000795204075795268	0.0331862823738612
AT3G19080	33.3127826724341	0.259655101653854	0.0792314389975579	3.27717260899246	0.00104852249149663	0.0393730511967901
AT3G19470	14.719471616712	0.768099935532854	0.174267506945261	4.40759123141711	1.0452657749615e-05	0.00203159017427934
AT3G19800	414.990778022532	-0.263238059264653	0.0799101049351421	-3.29417736941163	0.000987101896268224	0.0378798096975618
AT3G20050	502.874920173716	0.20070356135272	0.0617386383038698	3.25085824479773	0.0011505720981511	0.0414265161445792
AT3G20130	23.4560383545814	0.532432825015379	0.12635942349875	4.21363765576728	2.51290313733864e-05	0.00396604133502823
AT3G20200	40.4748193078012	0.242758726736057	0.0719424316057644	3.37434697879472	0.00073991039814086	0.0320897916681297
AT3G20240	68.4056180977163	0.277791324133355	0.0863202439455297	3.21814804310155	0.0012902120603806	0.0432562014675222
AT3G20310	210.767080964437	-0.166102084136262	0.0503665648215739	-3.29786406368366	0.000974232869150564	0.0377308526869732
AT3G21010	40.9082039895218	0.318567471790456	0.0805779883213676	3.95352972228495	7.70066930928142e-05	0.00804202733687196
AT3G21420	6.50046544881028	-0.71334423960596	0.200434171174524	-3.55899513254568	0.000372276430265506	0.0213168827719135
AT3G21540	64.4103098988708	0.575021311473424	0.143425279184072	4.00920475626504	6.09235731409653e-05	0.00683190868192704
AT3G22090	0.913176736994502	1.51529791780176	0.421521726983304	3.59482755170478	0.000324606516855458	0.0197501895516316
AT3G22235	6.63075828521566	-1.10846607120173	0.312767890087626	-3.54405329425337	0.000394025588456819	0.0214830938371353
AT3G22300	62.9174168239733	0.293620595547773	0.0917795145138995	3.19919534443937	0.00137811755892219	0.0452249841335635
AT3G22310	81.6432446015017	0.582809095248451	0.156839578140973	3.71595678945655	0.000202436179519363	0.0148060552065887
AT3G22660	98.7597099262628	0.536371804700559	0.145225596976991	3.69336959782331	0.000221302016352061	0.0151738697325613
AT3G23330	14.4122447996092	0.336603900218728	0.104605698508427	3.21783521374422	0.00129162000578657	0.0432562014675222
AT3G23340	83.6082413690266	0.270814784289778	0.0715771679686745	3.78353589524943	0.000154616013917032	0.0122119064657006
AT3G23620	149.969198637961	0.374609192009856	0.117567784536678	3.18632517816126	0.00144092542211329	0.0464615446015054
AT3G24080	474.295930829324	0.278961256704952	0.0834463330897574	3.34300197954646	0.000828773086527833	0.0341806364363537
AT3G24520	78.5091840013394	0.327509400070673	0.099797113871428	3.2817522207367	0.00103164214851008	0.0389482020492357
AT3G25430	21.3213284789159	0.51867886566572	0.14415543867417	3.59805270225063	0.00032060866198349	0.0196206892819109
AT3G25940	19.5274423051773	0.600927797981997	0.160583353385427	3.74215499498052	0.000182448921774577	0.0137762061761516
AT3G25990	9.92444955280248	0.453391441607964	0.130935211818967	3.46271591353767	0.000534752675036301	0.0260664280390668
AT3G26410	21.1361895606727	0.435239318937741	0.134413324740813	3.23806675995112	0.00120342645312544	0.0417539250868696
AT3G26500	26.7975592385395	-0.390802651108193	0.123095866046549	-3.17478290424805	0.00149948641422803	0.0475075483805982
AT3G26850	35.0075024039327	0.288019061843973	0.0755446670163098	3.81256643545454	0.00013753124512182	0.0112331453943663
AT3G27160	1690.95250903201	-0.350088584950084	0.0993456320205944	-3.52394541994066	0.00042517181934225	0.0225049339206235
AT3G27250	20.760549145069	0.504787968158155	0.136368312741344	3.70165149080938	0.000214200704099634	0.0149378304975263
AT3G27530	251.971563760475	-0.143358197797501	0.0448761716525905	-3.19452824334728	0.00140059579953142	0.0455106910649598
AT3G28200	115.130277473267	-0.817129652927912	0.183719650782869	-4.44769870531512	8.67951564839886e-06	0.00178619326446608
AT3G28857	8.26429487560158	0.669861768466618	0.193888023178285	3.45488987656893	0.000550517629714452	0.0265653231387036
AT3G29631	72.2133569986137	-1.36704006953746	0.202966884930285	-6.73528625128682	1.63607515399446e-11	3.81587261749973e-08
AT3G29637	2.53587429076335	-1.31397476940208	0.335033077306673	-3.92192550050612	8.78441553428417e-05	0.00861652647103547
AT3G29710	1.12709009725075	-2.93332522558274	0.699918056540369	-4.19095520993114	2.77782498440603e-05	0.00419911863067782
AT3G30218	13.2583604742527	-1.47932434970985	0.28419370659826	-5.20533817380074	1.93643634978902e-07	8.73032584878812e-05
AT3G32940	166.382187529132	0.272632855113635	0.0821797601179922	3.31751826389118	0.000908209776622479	0.036181104829113
AT3G42170	230.162850521316	-0.187473024967832	0.0567173746053877	-3.30538968476907	0.000948444318375608	0.0372777176335313
AT3G43520	489.540413851426	0.174809732373763	0.0474113269624405	3.68708795078123	0.000226834974955187	0.0153596547073688
AT3G44480	29.2647945489375	-1.26429703724932	0.236575477549752	-5.34415929471571	9.08376591279497e-08	4.4343565180344e-05
AT3G44680	77.7843465777387	0.183992500348477	0.0575081155949725	3.19941800291856	0.00137705352615739	0.0452249841335635
AT3G45820	3.93581855834713	1.34037784753269	0.342404991269585	3.91459786425067	9.05550039353749e-05	0.00871944994315346
AT3G45930	64.6531385884759	-0.402344895120106	0.121761195503524	-3.30437700990265	0.000951877311779944	0.0372777176335313
AT3G46320	20.4677103550587	-0.480175290451283	0.147084774328517	-3.26461588321034	0.00109612614433609	0.0404372300452704
AT3G46370	41.1978518053715	-0.901544782546813	0.137924262782352	-6.5365205828178	6.29664760799351e-11	1.10144108282827e-07
AT3G46500	13.8976185976466	-0.522605710835705	0.137146103963563	-3.81057642712584	0.000138643141042162	0.0112800704403722
AT3G47380	33.6177427071283	0.44415862018139	0.138073654852671	3.21682380795468	0.00129618173136447	0.0432562014675222
AT3G47470	59755.5041652556	-0.233702859326163	0.0457709016961733	-5.10592648747626	3.29177652220128e-07	0.000138195361955054
AT3G47590	80.9757051512521	0.45692334773598	0.0864012173128081	5.28839016332061	1.23397550223945e-07	5.8869044926155e-05
AT3G48440	33.478809072432	0.271843903726379	0.0803983383581048	3.38121296133696	0.000721665878121179	0.0316913984260286
AT3G48880	138.081469191774	-0.158496779515286	0.0464275806749196	-3.41384963875378	0.000640519144536087	0.0294204318664267
AT3G49080	114.717334912716	0.295728605296017	0.0781134744232899	3.78588466944243	0.000153162702628015	0.0122119064657006
AT3G49170	13.7488127797509	0.476864974097124	0.148223273563812	3.21720714049556	0.00129445104635509	0.0432562014675222
AT3G49510	3.22111064367734	-1.5232877596428	0.268117512770291	-5.68141835982147	1.33582275472639e-08	1.0385279794245e-05
AT3G51010	152.583461059198	0.195841749733731	0.0598012673827275	3.27487624100583	0.0010570827191659	0.0396236131393061
AT3G51860	102.728987406881	1.06482146923845	0.328568229998791	3.2407925417572	0.00119197896964693	0.0417539250868696
AT3G52115	9.08751153793344	-0.484154687414735	0.150424866895454	-3.21858145801934	0.00128826373856304	0.0432562014675222
AT3G53630	198.827331300154	0.27920185181407	0.0835187683463707	3.34298334784055	0.000828828733557432	0.0341806364363537
AT3G53650	16.7460243693922	-0.557255821799262	0.138019953386848	-4.03750188378462	5.40234111405678e-05	0.00640681030085683
AT3G53710	321.586346390141	-0.145523303804967	0.0417437959740203	-3.48610614845701	0.00049010648783825	0.0244366396347095
AT3G53940	10.0890540772167	0.78295385789309	0.181625369766842	4.31081769522723	1.62651962114382e-05	0.00286909860230503
AT3G54000	35.244468617504	0.43146987716053	0.133720640268954	3.22665129551211	0.00125247996345814	0.0428189037670194
AT3G54160	23.5421285409126	0.383360781287728	0.110090270934782	3.48224032907352	0.000497237213066987	0.0246654108818736
AT3G55160	69.9599984246879	0.311965908367519	0.0842685244367346	3.70204546065988	0.000213868284732899	0.0149378304975263
AT3G55340	67.2912834826674	0.457169002345773	0.105920723221673	4.31614313460643	1.58779043449452e-05	0.00282451771275208
AT3G55510	50.507107700322	0.491763135726287	0.126952045085071	3.87361334271341	0.000107233499776447	0.00980876917501047
AT3G56960	33.7474822575583	0.273809439884934	0.0803887338216885	3.40606732894034	0.00065905923612307	0.0300745922292595
AT3G57000	134.354897561598	0.33328913508671	0.105879515716689	3.14781506914444	0.00164495725497462	0.0498258264634521
AT3G57150	238.778286860466	0.71556701668834	0.19116833573737	3.74312520914237	0.000181745607526312	0.0137762061761516
AT3G57160	10.2329438733223	0.547137535730754	0.131606203693888	4.15738407745108	3.21912529951691e-05	0.00453225015545165
AT3G57290	662.070999699003	0.197747768508817	0.0597994658074027	3.30684841141737	0.00094351935359639	0.0372282232168079
AT3G57660	99.1300425585469	0.4182374183849	0.117995459296017	3.54452129666838	0.00039332672787285	0.0214830938371353
AT3G57940	45.9934593181775	0.416897007335212	0.130359107108789	3.19806583967545	0.00138352688686127	0.0453067283652183
AT3G58200	6.66904125893876	0.756570641435425	0.156722407224023	4.82745674237867	1.38287713963485e-06	0.000466891844962473
AT3G58660	123.189403229579	0.653219143372641	0.157175045953857	4.15599778837927	3.23870955799032e-05	0.00453225015545165
AT3G59090	275.259609695626	-0.140573534289269	0.0443988282999268	-3.16615414577282	0.00154468913626099	0.0481076701175881
AT3G59670	33.8228471595296	0.593426470149922	0.14138594873676	4.19720966228966	2.70223747877143e-05	0.00414034065086797
AT3G59890	56.6813556271111	0.437984314119709	0.0974474603331245	4.49456879248016	6.97110649994782e-06	0.00153550453040469
AT3G59950	153.540073460902	-0.161268095768358	0.0459818356158439	-3.50721308987479	0.000452826374654341	0.0232972510548266
AT3G60200	60.7024820701756	-0.252733730278462	0.074387824464866	-3.397514742454	0.000680009238768614	0.0307630903685172
AT3G60920	38.0882490839641	0.352652376914025	0.111831563936073	3.15342435088912	0.00161367046289082	0.0493769047908764
AT3G61470	26496.9593116065	-0.171332319934226	0.0427164814277196	-4.01091836705083	6.04830218391672e-05	0.00683190868192704
AT3G61530	36.2181584448181	0.228515759338401	0.0714764845367146	3.19707608480691	0.00138828302631254	0.0453666879419068
AT3G61710	186.726163408018	-0.126641465174807	0.0380561445749987	-3.32775341772287	0.000875493211349916	0.0353413038450886
AT3G61760	21.4160830019713	0.418696854333226	0.104098534957684	4.02212052747356	5.76765293849498e-05	0.00665299673103253
AT3G62310	300.216252085586	0.163315783194935	0.0494764757926801	3.30087744889656	0.000963829725077166	0.0375442394274563
AT3G62330	137.305274017293	-0.150334639506732	0.0469937215214848	-3.19903669340172	0.00137887617767046	0.0452249841335635
AT3G62490	2.07167537433846	0.997619283610708	0.288472348143127	3.45828392229724	0.000543628151684739	0.0262933145898948
AT3G62750	306.163674749527	-0.50897448238428	0.124335293089451	-4.09356402142476	4.24792714427285e-05	0.00559106689144812
AT3G63090	28.3112378712124	0.37125239189991	0.111041532353464	3.34336517185435	0.000827689037684249	0.0341806364363537
AT4G00930	69.071762183755	0.264672850485311	0.0756022162979475	3.50086099913048	0.000463757662178763	0.0235707919777104
AT4G01560	103.247060486313	0.444101126086273	0.118114715425311	3.75991361014705	0.000169972042724343	0.0131172174589216
AT4G01790	10.4233085452949	0.514681330577132	0.142831721049897	3.60341055049903	0.000314068862115992	0.0193564218051586
AT4G01990	21.8256247763809	0.578851800071843	0.122455923115343	4.72702165273472	2.27836977952799e-06	0.000655140548521533
AT4G02290	5.93042317377776	0.684379322316711	0.198855008520213	3.44159962280832	0.000578285486283375	0.0275256023641141
AT4G02400	111.15261343344	0.386232835954227	0.112924584301141	3.42027237332344	0.000625584654735543	0.028797472560425
AT4G03912	4.96974832379491	2.71134500756686	0.542565315169864	4.99726932732146	5.81478304576264e-07	0.000214137036690533
AT4G04040	482.444699474639	-0.148385755810711	0.0409109563155094	-3.62704197541475	0.000286686702993424	0.0182913087615044
AT4G04180	23.385692152451	0.420290623291262	0.124080919954823	3.38723007086254	0.0007060215401744	0.0313492127101282
AT4G04190	9.09422822518149	0.514759641324928	0.145180532349112	3.54565197548041	0.000391643079507464	0.0214830938371353
AT4G04293	23.8169131366138	-0.987748567060317	0.247430138146459	-3.99203013205952	6.55100461567229e-05	0.00712498123769829
AT4G04565	30.5250831450615	0.895170891262709	0.210041382922479	4.26187867746564	2.02715493714846e-05	0.00344447656924444
AT4G04670	36.151482229548	0.434002019886351	0.11710897376483	3.70596723661745	0.00021058552265844	0.0149378304975263
AT4G04710	13.8983670166188	0.761923699778243	0.19408412481003	3.92573942110936	8.64637188458948e-05	0.00858434730684027
AT4G04940	21.0623468530141	0.943008898809223	0.209293962338183	4.50566699714673	6.61647797933457e-06	0.00149340311036787
AT4G05160	310.027073758027	-0.135071845693784	0.0426376921238393	-3.16789767376419	0.00153545553487351	0.0478911547288704
AT4G05410	53.2753506464157	0.605648905445456	0.17646015643511	3.43221335445303	0.00059867637805141	0.0281617929218101
AT4G06643	24.3602051175982	4.07127153918201	0.439460144481063	9.26425658916028	1.96440960862853e-20	1.37449740315739e-16
AT4G08510	59.7533116053238	0.28844319104737	0.0639170838400496	4.51277144885379	6.39859623654804e-06	0.00145992319131935
AT4G08555	14.5949068980754	1.44784355768182	0.415240805948631	3.48675644816307	0.000488916383969631	0.024435342418825
AT4G09575	1.76785658816033	-3.96926277479605	0.568153273042276	-6.98625346914212	2.82323822426297e-12	9.877098927584e-09
AT4G10340	42504.1480489247	-0.208201416315188	0.0572258208993474	-3.63824254581489	0.000274504848776143	0.0178948176418013
AT4G10620	53.5632178639834	0.261672279205707	0.0824491290479054	3.17374218778792	0.00150487294943961	0.0475075483805982
AT4G11211	14.7176946931443	-0.418000364042869	0.129013890516049	-3.23996402535332	0.00119544780826231	0.0417539250868696
AT4G11790	132.255584426017	-0.429464717603292	0.0872695008053044	-4.92113182314878	8.60451475839494e-07	0.000311409257402531
AT4G12430	24.2473525382429	-0.505731881332781	0.0992614506657625	-5.09494751427423	3.48837884917433e-07	0.000143577569456899
AT4G12800	28097.5344078306	-0.186596096785059	0.0440103850693433	-4.23981968099248	2.23699409400071e-05	0.00366849554899757
AT4G13290	2.63741541447974	-2.22916947154635	0.410018496167293	-5.43675344498804	5.42601383635998e-08	3.07830963348736e-05
AT4G13560	11.35634885445	-1.33596364337065	0.288269052269929	-4.63443312020773	3.57916921752716e-06	0.000863567138449571
AT4G13575	22.531579655983	-1.66451652393369	0.308840114150976	-5.38957359379809	7.06250543970061e-08	3.70622629211889e-05
AT4G13830	673.29161866327	-0.264937644019917	0.0753582283299463	-3.51570956339262	0.000438580478448	0.0229011015500049
AT4G14713	14.3378103937594	0.519341222621732	0.156695136546835	3.3143416832628	0.000918591819612076	0.0364502096133782
AT4G14840	54.2321181996618	0.309785995631901	0.095704265253395	3.23690898009284	0.0012083194494326	0.0418545108300986
AT4G15215	15.1582506265335	0.397571319576041	0.120102534062103	3.31026587141338	0.000932073916181963	0.0369154029708973
AT4G15545	3672.4537646859	-0.180235633521	0.0506435352470035	-3.55890702815152	0.000372401318591081	0.0213168827719135
AT4G15730	32.8068256831517	0.426482288595023	0.111680201126841	3.81878152342012	0.000134112472276405	0.0110398231590354
AT4G15850	18.7359669453316	0.480097758690047	0.105917053584386	4.53277109249969	5.82148911837964e-06	0.00134284481410887
AT4G15990	24.9525156101725	-0.632230552598468	0.157981981751135	-4.00191557031108	6.28317208678374e-05	0.00691182719562885
AT4G16630	107.063145719182	0.615289878510251	0.120924977870472	5.08819508877079	3.61487403662143e-07	0.000145922732505232
AT4G16950	39.2504379124336	-0.256250183972749	0.0790281565346791	-3.24251754322905	0.00118478653808143	0.0417275145942577
AT4G17040	1386.54211674877	-0.092487195300954	0.0260256741600888	-3.55369066453563	0.000379865732553144	0.0214830938371353
AT4G19950	11.004489116586	0.440350123932494	0.138645316730577	3.1760908649241	0.00149274186903773	0.0475075483805982
AT4G20020	101.615204834094	0.410875192677737	0.118490341024416	3.46758384797857	0.000525159876599614	0.0257883160553363
AT4G20730	15.0692841803945	0.664014471067106	0.204417618810886	3.2483230894173	0.00116087372329478	0.041474699531988
AT4G21140	24.9994551784382	-0.346259076763255	0.109029162801722	-3.17583908621728	0.00149403799846868	0.0475075483805982
AT4G21585	28.3284617763587	0.320991328415478	0.0926055327573309	3.46622192927309	0.00052782740266797	0.025826631723551
AT4G22220	591.418143267517	0.17374253530724	0.0493820612616451	3.51833299113793	0.00043426706481537	0.0227892498938486
AT4G22920	154.655480512374	-0.213370744790372	0.0668170434890852	-3.19335806627282	0.00140628450718418	0.0455545032257765
AT4G23890	867.763732027736	-0.192238762486814	0.0573145089389454	-3.35410293214931	0.000796227378102237	0.0331862823738612
AT4G24020	552.015299884694	-0.186793507710117	0.0559691071140051	-3.3374394794191	0.000845541340103092	0.0345306581130428
AT4G24580	9.20650722995997	0.744565048502423	0.154828822048245	4.80895636001424	1.51720320996703e-06	0.000482539584551786
AT4G25100	3594.23825115201	-0.481107991219396	0.107701275508628	-4.46705936347851	7.93021296552848e-06	0.00164814950850899
AT4G25515	37.1554656950498	-0.333360410035933	0.089075051872741	-3.74246663939299	0.000182222730342124	0.0137762061761516
AT4G25630	55.1882353665755	1.17637092656622	0.271407235671166	4.33433885304184	1.46198835611341e-05	0.00266857370288491
AT4G25730	165.612187218991	0.591576943014382	0.142968331225466	4.13781806043076	3.5062422044931e-05	0.00481042680487023
AT4G26430	51.0986163032523	0.213228700766848	0.0640571995899223	3.32872342425026	0.000872449960356609	0.0352863142925734
AT4G26600	39.1838651142805	0.621259063685182	0.149463964070335	4.15658093607653	3.23045761301634e-05	0.00453225015545165
AT4G26910	166.851748562541	-0.634222080228722	0.15849404435019	-4.00155149569795	6.29284957232512e-05	0.00691182719562885
AT4G27010	80.0767843279954	0.428361555186272	0.129711362420773	3.30242121578142	0.000958540106125119	0.0374687437014383
AT4G27230	180.929920301527	-0.240320262704722	0.0749136506750456	-3.20796357591975	0.00133678427627745	0.04425936710306
AT4G27490	41.8736325493914	0.444291878834187	0.0951967155409668	4.66709251794502	3.05491795434053e-06	0.000811718769361546
AT4G28200	133.72275948849	0.370557028992905	0.087714051714494	4.22460280593416	2.39362565117636e-05	0.00386496892644945
AT4G28450	58.9687393697394	0.44049018336906	0.130339370046795	3.37956354408429	0.000726010222186043	0.0317865018122731
AT4G28750	17283.7093476441	-0.168250342528973	0.0405310611046427	-4.15114576187843	3.30814984903878e-05	0.00456851141323507
AT4G30150	51.7950273981349	0.528330851085886	0.133034707544334	3.97137604793711	7.14586780545508e-05	0.00765300566858712
AT4G30840	38.3414919753261	0.317098065372075	0.0944345889424244	3.35785932806258	0.000785485765238908	0.0330423480924447
AT4G30860	25.0453800643236	-0.41573055646763	0.108779104876787	-3.82178688580425	0.000132488164900078	0.0109923283376187
AT4G31120	107.462708492276	0.293949039857531	0.0862433441799221	3.40836783003555	0.000653527357816405	0.0299523859561663
AT4G31400	10.4655947944329	-0.500482294313904	0.135120049404394	-3.70398246981123	0.000212240931666497	0.0149378304975263
AT4G32220	36.388087934064	0.656291591178036	0.208465945829999	3.14819568522348	0.00164281677310958	0.0498258264634521
AT4G32320	184.343603502088	-0.158769339946672	0.0488845405510327	-3.24784355456765	0.00116283187824192	0.041474699531988
AT4G32605	38.4769211584875	0.26594916110735	0.0785808661366692	3.38440098948269	0.000713337410984899	0.0315235065136506
AT4G33050	178.034149773674	-0.395027405127128	0.114687020222172	-3.44439505326652	0.000572338775658947	0.0273044619087658
AT4G33280	1.17619788692449	1.33480772355623	0.38939334398088	3.42791612694275	0.000608233342940467	0.0283617200918143
AT4G34920	288.789472629112	-0.257022550372437	0.0668261466101769	-3.84613752864953	0.000119994427648597	0.0104950126282154
AT4G36040	1093.33455453143	-0.273978973125544	0.08042037438777	-3.40683533509152	0.000657207633935297	0.0300554366970279
AT4G36240	8.46317579814441	-0.693352443829178	0.20470503535918	-3.38708055037634	0.000706406441422068	0.0313492127101282
AT4G36280	41.345544502049	0.457036884173794	0.128874418198714	3.54637398610078	0.00039057148823182	0.0214830938371353
AT4G36470	8.37897981945651	-0.621125426071888	0.196314040585854	-3.16393786312116	0.00155650022693749	0.0484036981683627
AT4G37090	61.4864731401073	0.325654890400242	0.10071237054388	3.23351430059284	0.00122277214072647	0.0422158059309034
AT4G38000	1.36008592673514	-1.23248196738195	0.359935529600074	-3.42417423684559	0.000616670692735437	0.028512190553325
AT4G38130	587.071677688668	0.109821600112419	0.0325554215666982	3.37337361420498	0.000742531254518131	0.0321370588940002
AT4G38330	5.54839793316492	-3.07037666222575	0.489779020682201	-6.26890195898774	3.63602962609134e-10	4.7702436175802e-07
AT4G38370	70.6513511618642	0.457090133640699	0.0698122034348158	6.5474245354179	5.85377835329117e-11	1.10144108282827e-07
AT4G38680	582.441678030975	0.250066547758209	0.0677419499194722	3.69145777550652	0.000222972416677337	0.015177629466693
AT4G38780	18.917103375591	0.384767943955774	0.108043037073325	3.5612470213573	0.000369097627339173	0.0213168827719135
AT4G38932	16.5436098938912	-1.81882193610059	0.323035338280586	-5.63041166264224	1.79780002150606e-08	1.30129725004944e-05
AT4G39860	69.9276508691999	0.282733817690451	0.0781316385071681	3.61868537627701	0.000296103359991774	0.0186092982921776
AT4G40080	22.4547985058215	-0.930394079710972	0.117706242058464	-7.90437332328435	2.69284864245159e-15	1.41313964634254e-11
AT4G40085	5.03364305264969	-0.84540523468063	0.218118550885089	-3.87589790620796	0.00010623222258704	0.00978035344001998
AT4G40090	8.35655932796294	-2.23271221796327	0.328785322387423	-6.79079042139346	1.11520833846303e-11	2.92616727908468e-08
AT5G01520	87.9380757357282	-0.338929560634359	0.0943302051868151	-3.59301201521962	0.00032687750914081	0.0197818925494796
AT5G01530	21012.4289084909	-0.151903966226905	0.0477173623986937	-3.18341078783229	0.00145550957872605	0.04664519323212
AT5G01570	2.52800985944071	0.786609913759457	0.23219272359418	3.38774575526436	0.000704695540645017	0.0313492127101282
AT5G02050	150.082566508801	0.361054499388033	0.0943131809502484	3.82825068299302	0.000129057273021869	0.0108361648720082
AT5G02790	942.725427070689	-0.163784837034724	0.0364939865293306	-4.48799521814609	7.18965422697334e-06	0.00154045375815677
AT5G02840	522.985377286026	-0.266704222652695	0.0566649820349391	-4.70668502971107	2.51777460912568e-06	0.000695402721317857
AT5G03090	21.9185181536008	-6.63328439194354	1.02749025273853	-6.45581247536326	1.07639831036951e-10	1.73805207176664e-07
AT5G03210	1.69074242215494	1.74383709313899	0.49021777964156	3.55727018798474	0.000374728680998337	0.0213168827719135
AT5G03555	122.069905109921	-0.284390052708236	0.0879041610089903	-3.23522856533663	0.00121545389920725	0.0420322780860946
AT5G04370	1.418298036876	-1.34090097907236	0.382323740840468	-3.50723963969549	0.00045278119402076	0.0232972510548266
AT5G04490	360.756016847394	-0.297167838166402	0.0627570912197656	-4.73520732702168	2.18831282172654e-06	0.000646970062547351
AT5G04540	205.216412837051	0.144551486391092	0.0407033365580736	3.55134243564659	0.000383271400397144	0.0214830938371353
AT5G04895	25.6221804660207	0.547171832823966	0.111961461770333	4.88714441712437	1.02309047813765e-06	0.000363994783501482
AT5G05520	116.241061612523	0.210142247301387	0.0536087904251615	3.91992144636705	8.85778356366689e-05	0.00864808068767124
AT5G05560	56.9956373796634	0.294786529781523	0.0892091016876129	3.30444454887338	0.000951647995220623	0.0372777176335313
AT5G06110	305.048408401602	0.230543812686628	0.0587529248650631	3.92395464934068	8.71071400293925e-05	0.00858434730684027
AT5G06130	541.607431379823	-0.158954761351404	0.0329666535069991	-4.82168325995409	1.42351855926818e-06	0.000466891844962473
AT5G06190	8.6200660900413	0.889596153680145	0.240305322048077	3.70194112264466	0.000213956274677455	0.0149378304975263
AT5G06240	44.8693949514894	0.288258485729204	0.0873542212471071	3.29988043638761	0.000967260279169348	0.0375995565185996
AT5G06550	17.1429968979425	0.704857946166133	0.216982938143757	3.24844871304649	0.00116036124988937	0.041474699531988
AT5G07060	1.81441605710241	-1.2290004214349	0.313709585061126	-3.91763745820975	8.94210567649808e-05	0.00864994194725213
AT5G07240	208.561755819878	-0.317505725556201	0.0856897445966612	-3.70529433890473	0.000211145394403029	0.0149378304975263
AT5G08600	43.6140656848638	0.503169337483505	0.129707362469868	3.87926581731546	0.000104772213418887	0.00973129881360995
AT5G09240	48.5764025303217	0.293764675859425	0.0864163537744219	3.39941067898164	0.000675312332578233	0.0306165900068028
AT5G09420	44.210082974726	0.51694134667721	0.120255924034226	4.29867676647749	1.71820837256762e-05	0.00298073652467495
AT5G09840	9.80230486343959	0.804667308647653	0.219705925454893	3.66247431416161	0.000249790805823938	0.0166455835080961
AT5G10140	329.131908569989	-0.984232035914985	0.160415756449506	-6.13550724504291	8.48878968092841e-10	9.89934356624269e-07
AT5G10150	226.366520542957	-0.298789677129566	0.0612731557511446	-4.87635528914282	1.0806389789331e-06	0.000378061546779747
AT5G10400	61.0241423968685	-0.426269735876802	0.109525779958764	-3.89195800328735	9.9438460413076e-05	0.00936014673780663
AT5G11240	41.163339183338	0.674960534895623	0.166991595537385	4.04188326199038	5.30236296453326e-05	0.00639666097635159
AT5G11310	36.094479511852	0.338620065608629	0.10403599407981	3.25483568070548	0.00113457990096107	0.0410620115535755
AT5G11680	280.60217298905	-0.153428326850398	0.0473765480487291	-3.23848682881221	0.00120165569270319	0.0417539250868696
AT5G12950	282.980125990221	-0.58723986489372	0.170054450956243	-3.45324607260545	0.000553883496156168	0.0266664414399406
AT5G12960	212.528508774885	0.947640105504714	0.293526049491662	3.22847020612265	0.00124454222202415	0.0426987804036826
AT5G13210	58.8091198776173	1.50262008220153	0.391230687460269	3.84075209425928	0.000122657936934948	0.0105659913616398
AT5G13680	157.091895929683	0.191464264719346	0.0552208103487903	3.46724837085879	0.000525815791133531	0.0257883160553363
AT5G13830	4.86060035603046	1.0043220083953	0.277184132358773	3.62330267554909	0.000290865118869303	0.018501665788441
AT5G13960	38.3889766188333	0.25254442826223	0.0798843406852164	3.16137588538634	0.00157025721130498	0.0486872512887782
AT5G14050	116.940234852207	0.403994341740076	0.11497809305813	3.51366361186586	0.000441972133361541	0.0229639530975052
AT5G14520	189.646623803562	0.334288180574941	0.0994292214526959	3.36207179027325	0.00077360008208588	0.0330053644777738
AT5G14545	5.34978335083253	-1.34483188536754	0.318024927934315	-4.22869959943927	2.35045934215255e-05	0.0038246893062887
AT5G14580	20.964037957928	0.918622905735525	0.251832227338134	3.64775753860166	0.00026453909786069	0.0174073360601684
AT5G15160	25.0675443061344	0.582148861113042	0.173271368615893	3.35975219543366	0.000780124123645363	0.0330423480924447
AT5G15520	50.5990981494845	0.364435324223697	0.108126678359996	3.370447790973	0.000750461251221078	0.0324134405851474
AT5G15550	71.8467320142957	0.603587728857978	0.16345618166816	3.69265770616954	0.000221922633885776	0.0151738697325613
AT5G16070	244.257665106738	0.232203672697363	0.0608260604819522	3.81750307117556	0.000134809109638305	0.0110538203922565
AT5G16400	617.606239747089	-0.273085030362048	0.0757862392953818	-3.60335903854104	0.000314131138788247	0.0193564218051586
AT5G16620	574.772033451324	0.157302853322432	0.0470823593530634	3.34101467054448	0.000834728122483517	0.0343014815908967
AT5G16750	79.2319818885861	0.448260193356135	0.128376883270225	3.49175164513517	0.000479864205092798	0.024213532521882
AT5G16930	33.6393027136935	0.648903282276644	0.198701741988381	3.26571511544467	0.00109188037298639	0.0403779524924919
AT5G17125	1.15653815008902	-2.37056128929573	0.617271527251686	-3.84038657971204	0.000122840717012131	0.0105659913616398
AT5G18820	46.8233881100801	0.387410432577925	0.117222336763499	3.30491989218353	0.000950035498473164	0.0372777176335313
AT5G19000	253.459661228753	-0.202603573267217	0.0427151673733702	-4.74312956557735	2.10441577994883e-06	0.000631054166241513
AT5G19300	34.560895370573	0.671457286146669	0.199781384687646	3.36096021757222	0.000776720120751613	0.0330423480924447
AT5G19485	114.44444271695	0.195894901042702	0.0507194729287901	3.86232130838065	0.000112314712887121	0.0100752057188613
AT5G20160	189.396338422546	0.594480329627614	0.168774911550847	3.52232641786048	0.000427777077525072	0.0225049339206235
AT5G20600	124.875743086967	0.243297388435184	0.0679949662402598	3.57816764810934	0.00034601149342737	0.0204595134043209
AT5G21280	22.5519039136252	-0.504667765290424	0.118569747520479	-4.25629450887766	2.07842887730544e-05	0.00349026404508148
AT5G22100	37.3315443497737	0.555630758213728	0.143852832352441	3.86249439185476	0.000112235142601195	0.0100752057188613
AT5G22650	495.76117619141	0.419623918046405	0.124927628296023	3.3589360797924	0.000782431632391022	0.0330423480924447
AT5G22840	53.4282404921209	0.300034997686517	0.093143228674492	3.2212217888114	0.0012764532544104	0.0432161778440787
AT5G22880	98.6670105406315	-0.362287446924526	0.108955879813998	-3.32508394721788	0.000883919163033295	0.0355447263433561
AT5G23250	132.588359696104	0.238450747427049	0.074832088278437	3.18647725745426	0.00144016809928192	0.0464615446015054
AT5G23290	81.3068074581131	0.235340649351708	0.0746692709977603	3.15177376458874	0.00162281955901345	0.0495125077954235
AT5G23860	217.44515638977	-0.246795262393839	0.0712893598079258	-3.46188074992926	0.000536414774834345	0.0260664280390668
AT5G24280	16.5400671875472	0.67559696585514	0.175767959666437	3.84368668292704	0.000121199724616788	0.0105564457237801
AT5G24380	19.9754756517363	-0.504328247924652	0.142107077617505	-3.54893124522693	0.000386798061358158	0.0214830938371353
AT5G24800	95.285743645195	-0.275185700399901	0.0717714624956275	-3.8341938540916	0.000125976763947506	0.0106803743227074
AT5G24970	54.4164347677779	0.238168082651446	0.0561528501515091	4.24142464734794	2.22105458994795e-05	0.00366849554899757
AT5G25040	38.1547937971197	-0.291464883355654	0.0806834374894438	-3.61244999500408	0.000303317610926992	0.0189231576318666
AT5G25280	1000.21078924783	-0.287039498730682	0.0733872415451788	-3.91129973939645	9.18007571401823e-05	0.00875904405967984
AT5G25470	4.9911681361189	0.744258971746314	0.174665926452407	4.26104270513866	2.03475343998052e-05	0.00344447656924444
AT5G25780	147.763431913042	0.277997747996082	0.0618734333839863	4.49300665555165	7.02245890709589e-06	0.00153550453040469
AT5G27120	150.806509316431	0.561109573980154	0.158823348795491	3.53291615014784	0.000411002804970214	0.0219525696669968
AT5G27220	22.4826878319267	0.538905884470847	0.124400430867313	4.33202586770501	1.47743578284006e-05	0.00267352194117204
AT5G27230	6.76889379682502	0.816445835985425	0.176994187823696	4.61283981143316	3.97204420822084e-06	0.000947467954258678
AT5G28020	801.943675387742	-0.659588112184265	0.114573873008214	-5.75688064709985	8.56824450069674e-09	7.19424081256501e-06
AT5G28145	7.69601579066368	-2.47905744547914	0.441787238955169	-5.61142836842035	2.00663349527067e-08	1.40404145664089e-05
AT5G28463	21.6521304431665	0.425228540689318	0.134965904645541	3.15063676123307	0.00162914964151167	0.0495615653985093
AT5G28773	2.64036548695371	-2.47024497220812	0.739980608768328	-3.33825635825749	0.000843059288821639	0.034496408443772
AT5G32433	2.19866720874289	1.50258015245578	0.451053368568163	3.33126910730235	0.000864509842732144	0.035142627874426
AT5G32436	1.23122485295992	2.19064602278348	0.466605584435574	4.6948559894185	2.66794612226253e-06	0.000727309831849517
AT5G35495	6.30398220339825	-0.795824392398212	0.245686330299132	-3.23918873072533	0.00119870226204484	0.0417539250868696
AT5G35530	583.701193623808	0.250416597358808	0.0779833244861822	3.2111557055147	0.0013220228180469	0.0438397803690718
AT5G35700	97.7341606171812	0.198438381954845	0.0504095923832385	3.93652026475871	8.26716420989255e-05	0.00838338376472727
AT5G35760	8.3605968391471	-1.20930277388585	0.269650983307378	-4.48469632505421	7.30178498501321e-06	0.00154819968303447
AT5G37130	98.4585503144547	0.325471694643554	0.0987832852055489	3.29480533033813	0.000984898830045427	0.0378644896364168
AT5G37300	12.8348406267771	1.03850429428387	0.256929495431883	4.04198160486869	5.30013913645187e-05	0.00639666097635159
AT5G38290	302.171671507944	-0.2370259965491	0.070369841535019	-3.36828947427921	0.000756361367470087	0.0326011939724119
AT5G38640	100.438619539122	0.254446193118604	0.0719022836796628	3.53877763121136	0.000401984322423612	0.0216916527300618
AT5G38660	1106.80515618532	-0.165425968823664	0.0509923629649637	-3.24413224265222	0.001178090368869	0.0416318096513959
AT5G38720	68.3598478933796	0.375274675340316	0.111814859598319	3.35621469890894	0.000790172008490695	0.0331730012604564
AT5G38890	20.2562232781498	0.573507661881542	0.17092622115981	3.35529363482115	0.000792807831879468	0.0331862823738612
AT5G39020	16.0310978802481	-0.699103611894219	0.19506496977051	-3.58395263238038	0.000338433486766719	0.0201819810247733
AT5G39030	5.09201642231462	-0.89123416279744	0.238560096635071	-3.7358895111481	0.000187052791831619	0.0139730432503115
AT5G39710	60.1907153929341	0.287220252115517	0.0724888849790544	3.96226610739715	7.42417249530536e-05	0.00783477286602533
AT5G39960	37.9019743633945	0.29522390050937	0.0872996272344301	3.38173151320097	0.000720305079745771	0.0316913984260286
AT5G40480	161.406855905151	0.32888594169965	0.0920704579345435	3.57211150110134	0.00035411457339746	0.0208208452223201
AT5G40730	9.00986727431155	1.04643020653699	0.1839544780457	5.68852804049178	1.2813907371368e-08	1.03452588320148e-05
AT5G41070	5.40900176895551	0.772764311050105	0.200696888493356	3.85040504041341	0.000117922645045488	0.0103569633562755
AT5G41640	8.3626850914675	-3.75099277774729	1.03274413383324	-3.6320639884196	0.000281163377379781	0.0181596937063969
AT5G42150	55.1651811914295	0.324461426407147	0.102187221116824	3.17516635505933	0.00149750623352741	0.0475075483805982
AT5G42440	27.7997351466217	-0.470195519622511	0.100471163083625	-4.67990521052446	2.87007580180393e-06	0.000772381553277772
AT5G42960	97.29283156789	-0.200768632340269	0.0628143228200433	-3.19622378029053	0.0013923907433437	0.0453751069297135
AT5G46330	401.558903355984	-0.305170632942691	0.0947116220558159	-3.22210333134034	0.00127253233028488	0.0431530309289338
AT5G47445	6.92232478602356	-2.72820449556797	0.770570565455445	-3.54049923248167	0.00039937079695307	0.0216619958626405
AT5G48240	64.2427673869688	0.46859478951873	0.138433290226523	3.38498629016151	0.000711818096897136	0.0315227292657548
AT5G48335	61.3181138630424	-0.550321600383213	0.09723166339566	-5.65990111825832	1.51460239036625e-08	1.13546495629207e-05
AT5G49940	488.937543794609	-0.12617909209342	0.0359898151273978	-3.50596666436789	0.000454952195981879	0.0233493925326543
AT5G50310	203.113437910755	0.192844801314152	0.0520828301161939	3.70265595943856	0.000213354121891878	0.0149378304975263
AT5G50780	129.090432695554	0.269036774977603	0.0756216895716929	3.55766680831091	0.00037416349639411	0.0213168827719135
AT5G51270	1.37043261766788	1.17510803411759	0.341017898696502	3.4458837457192	0.000569195170204259	0.0272784836021863
AT5G51440	8.40411601134628	1.45657382907232	0.393973333855758	3.69713811545836	0.00021804372606466	0.015055775834945
AT5G51680	2.00288608295463	1.03019887516293	0.309249307414055	3.3312891911625	0.000864447467388929	0.035142627874426
AT5G52070	48.3195731580761	-0.733968838813811	0.180436239332277	-4.06774626610452	4.74700295187077e-05	0.00600267102185056
AT5G52120	59.4202422061158	-0.382008031696629	0.109066306570115	-3.50253019204468	0.000460861549343058	0.0235350584373762
AT5G52300	16.6021059226762	0.821500708079649	0.241840189943508	3.3968742262051	0.000681602874669024	0.0307688729939301
AT5G52410	68.5820763915038	-0.504985382703423	0.110130026111917	-4.58535606075533	4.53213414452516e-06	0.00105704475364142
AT5G52510	60.8017959002059	-0.257475929420022	0.0770674843969317	-3.34091519185843	0.000835027254201715	0.0343014815908967
AT5G52930	4.16581571932365	0.943262901994818	0.277062645941562	3.40451127501962	0.000662825639214318	0.0301808524788455
AT5G52980	65.3735078394152	0.270460925066716	0.0704376895078475	3.83971886296162	0.000123175280207858	0.0105659913616398
AT5G53090	24.1224882376298	0.532173743339535	0.114392694468091	4.65216547100375	3.28467331721626e-06	0.000820816400020078
AT5G54910	48.5403096246704	0.334354205407468	0.10356690654354	3.22838845502162	0.00124489798518669	0.0426987804036826
AT5G55470	15.6617488534333	0.358372230052876	0.108881742360001	3.29138955976633	0.000996937529697486	0.0380246136270995
AT5G55760	35.0174656844433	0.218693974735699	0.0689704308730579	3.17083671897326	0.00152000555441052	0.0476215471531811
AT5G55910	373.53309722893	-0.211935352911791	0.0656572967757743	-3.2279025077071	0.00124701466201986	0.0427016064770945
AT5G55920	132.6822055095	0.572867059497192	0.164536044436864	3.48171163016511	0.000498219913959049	0.0246654108818736
AT5G56795	9.79475008685819	1.22300998132427	0.356380886694543	3.43174964479092	0.000599700892575347	0.0281617929218101
AT5G57280	32.2914625259591	0.506409352706098	0.147465451113355	3.43408811272565	0.000594550894423451	0.0281085987046006
AT5G57370	66.7495370981231	0.301133066770633	0.0810842788709028	3.7138280189934	0.000204147556197451	0.0148738829235085
AT5G57830	43.4563976786593	0.35881494360464	0.112127337561403	3.20006656189572	0.00137395853076956	0.0452249841335635
AT5G58210	61.1387866513465	0.327654925794595	0.100408557065016	3.26321715371763	0.00110155079505029	0.0404950135532409
AT5G58610	3.5628777517005	1.35727215214866	0.346912031954776	3.91243896759854	9.13686342236583e-05	0.00875762100908133
AT5G58700	23.306996156419	0.451547136032391	0.129485643958592	3.48723705754431	0.000488038560336968	0.024435342418825
AT5G59320	41.1162886910347	1.08638904017584	0.230114306048456	4.72108431166845	2.34590664660002e-06	0.00066266856746404
AT5G59600	14.360142616692	0.338179875271444	0.10632262902948	3.18069519497752	0.00146922123648783	0.0470128399010914
AT5G59690	294.46048689268	-0.257375455306526	0.077547316518233	-3.31894728099342	0.000903574864316316	0.036181104829113
AT5G59870	178.322530268419	-0.395446720473956	0.0851219269646325	-4.64565047544402	3.3900656106586e-06	0.000831140945959001
AT5G59970	88.7115093692109	-0.315762438504705	0.0791277256413196	-3.99054106440559	6.59227335584673e-05	0.00713290773260715
AT5G59980	27.704170053067	0.585884882101707	0.131876049783487	4.44269359799304	8.88396355932847e-06	0.00179415330717531
AT5G60030	31.8774663530883	0.526735980597549	0.129141436387401	4.07875268645328	4.52779717009855e-05	0.00586685125910732
AT5G60610	19.7314993989154	0.500258434114967	0.123242786900473	4.05912951740502	4.92559893580633e-05	0.00608195572126533
AT5G60990	94.5379933926121	0.287901038506792	0.0700115634805243	4.11219267495548	3.91918996618012e-05	0.00523998194777624
AT5G61020	337.355282396149	0.320873782222383	0.0888534086289866	3.61127149957987	0.000304699476091562	0.0189231576318666
AT5G61030	100.530072881063	0.58904402088047	0.186751372147331	3.15416167553384	0.00160959887953389	0.0493242190953224
AT5G61330	55.5399971353851	0.409868705891363	0.130076321372135	3.15098629456756	0.00162720125619771	0.0495615653985093
AT5G61770	65.0333357513839	0.438221837881403	0.119396148181039	3.67031805093857	0.000242248856427822	0.0163464146682962
AT5G61950	22.0307497602545	0.328544700103987	0.10005649015611	3.28359209473954	0.00102493150969315	0.0387645717476916
AT5G62040	6.87194028168403	-1.05466071617984	0.234251346790864	-4.502261056887	6.72343248796787e-06	0.00150139969526525
AT5G62440	68.9148367995933	0.530148711298799	0.166470248349622	3.18464540393654	0.00144931479796984	0.0465826632709118
AT5G63420	190.70856449627	0.27662608404899	0.0871925889944431	3.17258711134979	0.00151087225669929	0.0475075483805982
AT5G63590	7.95043924375806	-0.539030636887811	0.166363615216246	-3.24007527840242	0.00119498147171065	0.0417539250868696
AT5G63770	85.7022319838949	0.200545635614892	0.0620977972868247	3.22951287126318	0.00124001299520338	0.0426706766923184
AT5G63870	206.96834435529	-0.15483197794317	0.0404590169331947	-3.82688433084832	0.000129775458798687	0.0108530544049532
AT5G64410	225.262193368064	-0.318725636070905	0.0948817056392283	-3.35918957109398	0.00078171422638974	0.0330423480924447
AT5G64420	259.723685595615	0.288515169555585	0.0857830898644637	3.36331053138137	0.000770136808404816	0.0329270229643113
AT5G64610	141.42723949107	-0.155245796652713	0.0433117648067504	-3.58437937926088	0.000337880666966792	0.0201819810247733
AT5G65060	31.2785410487772	-0.451169668060886	0.137398015553772	-3.28366946380181	0.00102465020585211	0.0387645717476916
AT5G65360	202.746886397026	-0.331234316792675	0.0904374628678444	-3.66257860723831	0.000249689096510612	0.0166455835080961
AT5G65420	9.08717455427554	0.831232120534887	0.150994950767696	5.50503256108033	3.69100043674661e-08	2.27875853434553e-05
AT5G65900	104.15657507563	0.298307755368565	0.0744247112532355	4.00818156154549	6.11880726121806e-05	0.00683190868192704
AT5G66140	244.407240964968	0.204549139521271	0.0504335307619617	4.05581636722422	4.99594995697193e-05	0.00613274769279519
AT5G66250	176.064929089211	-0.243845303263424	0.0652437882722668	-3.7374485712853	0.000185897098280492	0.0139363071071636
AT5G66400	36.0379018256326	0.996817058807704	0.259626646449329	3.83942508382803	0.000123322751827057	0.0105659913616398
AT5G66540	88.8631066699058	0.420486842814987	0.113522640618999	3.70399103229295	0.000212233763893055	0.0149378304975263
AT5G66570	35832.0985101424	-0.137912059920951	0.0334926347195866	-4.11768321828379	3.82700249901677e-05	0.00517108656668737
AT5G67240	150.36782962881	0.24582309742036	0.0733682149344231	3.35053943509567	0.000806543243761672	0.0335250479798045
ATMG00080	3.45272808276069	-0.870973095607473	0.265214433110915	-3.28403354746242	0.00102332740410363	0.0387645717476916
ATMG00160	3.13675914936329	-0.953897925732719	0.285582164061943	-3.34018732880608	0.000837218960617614	0.0343243421920397
