geneID	baseMean	log2FoldChange	lfcSE	stat	pvalue	padj
AT1G02190	5.81944732244298	1.54710404920849	0.380107795512673	4.07017184986124	4.69784708343493e-05	0.0164090988860993
AT1G02920	85.8475850891956	-0.898233635811563	0.241434391696271	-3.72040465942217	0.000198903820693512	0.0473758343326772
AT1G03220	290.926520764365	-0.878166237596183	0.184463741138044	-4.76064419044285	1.92976004468672e-06	0.00117334771161521
AT1G11070	109.65778716026	0.827723413535672	0.205946312593575	4.0191222805195	5.84153494580112e-05	0.0196715936044063
AT1G21870	19.5746056426412	1.79254628591887	0.381033276829268	4.704435005875	2.54569945804073e-06	0.00142879013941163
AT1G22380	10.4572435194887	-0.815540326137435	0.21920428072029	-3.72045802872839	0.000198861790215348	0.0473758343326772
AT1G23170	60.8955476955682	0.447498161349949	0.11356398504062	3.94049364496928	8.13141049656214e-05	0.0250072614779141
AT1G24370	7.66044738773714	-1.05899875199624	0.253980529582428	-4.16960604711452	3.05126613280141e-05	0.011515373169119
AT1G26558	9.05234121651466	-1.32636248812838	0.273547886229135	-4.8487396719175	1.24248349121553e-06	0.000869918729771473
AT1G27595	275.083638492495	-0.370797290318715	0.0984532396512709	-3.76622741549296	0.000165732843010637	0.0416819886444749
AT1G29410	8.98125130966488	-2.06385211968301	0.246541607190522	-8.37121223959618	5.70284885426316e-17	4.16098861903221e-13
AT1G35190	73.8063669185345	-0.66076028417018	0.101730430572442	-6.49520778052397	8.29188886774975e-11	1.81501155426174e-07
AT1G37150	8.13921036516881	-0.815476341925101	0.219206524110435	-3.72012806295067	0.000199121785307977	0.0473758343326772
AT1G54520	798.183842902708	-0.191872193128801	0.0503574163608152	-3.81020725435992	0.000138850341298576	0.035756413184524
AT1G60130	0.754414425872991	2.70188329721724	0.59427455460402	4.54652361654215	5.45392526831068e-06	0.00265291044884561
AT1G62460	1.15435003275648	-3.32559248234413	0.771448113913258	-4.31084401188654	1.62632603841476e-05	0.00684589435670397
AT1G64110	11.7622918558655	0.9724816922169	0.201255898123392	4.83206555079772	1.35123746229751e-06	0.000869918729771473
AT1G65450	2.61955761454159	-3.16171545892003	0.48883128620868	-6.46790732942224	9.93694030145969e-11	1.97736078416956e-07
AT1G66040	25.4736977167356	1.0948273548662	0.209549874576655	5.22466242023784	1.74473122051497e-07	0.000190952108429261
AT1G66050	30.2065983774183	1.22138740158074	0.181474660517863	6.7303468048671	1.6925917200559e-11	4.11657112892262e-08
AT1G66530	143.704015631985	-0.725240019924755	0.07183483747849	-10.0959373666283	5.75783195001174e-24	6.30165917769035e-20
AT1G67070	32.3458964949748	0.790894513493658	0.11185665120311	7.07060782695475	1.54256517433901e-12	5.62753485018443e-09
AT1G73330	2.4575369815227	-2.86210047033146	0.499153790362841	-5.73390511219191	9.8144251710897e-09	1.53448537549988e-05
AT1G73580	4.82332711289027	-1.73264335931071	0.358136068342723	-4.83794711693945	1.31187032412489e-06	0.000869918729771473
AT1G73620	2.30777555179556	1.1983757453947	0.291236783343075	4.114781558973	3.87546246029942e-05	0.0139065570153269
AT1G77960	1.65947273147993	-1.70029975113423	0.458872003506366	-3.70539003936125	0.000211065683479807	0.0492219077100623
AT1G78290	41.0210621264822	-0.642487323864569	0.165335300543403	-3.8859658025414	0.000101923855073537	0.0282406489076538
AT1G79560	318.247666590773	0.467401683178963	0.0960806369362162	4.86468135602859	1.14641348230872e-06	0.000865304990146746
AT1G80920	4194.80418441092	-1.20408151229149	0.265374071121486	-4.53729901795972	5.6979289386393e-06	0.00271134709864947
AT2G07240	9.1224795037591	1.77715429252755	0.479661844591381	3.70501492367292	0.000211378287027541	0.0492219077100623
AT2G10608	8.21240655982026	1.73658880726467	0.400140082736731	4.33995213723	1.425137533651e-05	0.00623896709481733
AT2G13770	1.37852387904543	-1.52025733074907	0.354736895312434	-4.28559123913543	1.82253828341599e-05	0.00752708311050806
AT2G16220	1.43080230354479	-2.34646053586453	0.469648622208272	-4.9962044492573	5.84696725591048e-07	0.000492247177940863
AT2G24960	28.9801130298839	-0.729904621077791	0.160224651389088	-4.55550762476179	5.2259219830845e-06	0.00259977741563038
AT2G26020	11.8522889616578	-2.9589158420525	0.589947064974364	-5.01556159480356	5.28787801957041e-07	0.000462985447881507
AT2G28100	85.9563259071419	-0.268290941174495	0.0673700942946089	-3.98234474782328	6.82386997092936e-05	0.0216474912744453
AT2G29060	0.748114825884221	-1.7058497526824	0.436202350780012	-3.91068445557897	9.20349437350903e-05	0.0265072747818078
AT2G33380	108.699905032041	-1.26211499477794	0.253384005630932	-4.98103655609691	6.32445901551209e-07	0.000512726234779793
AT2G35170	97.5865533332395	0.482501119623523	0.119370773264279	4.04203731306405	5.29887979884722e-05	0.0181229968620261
AT2G36680	93.2751010084936	-0.505361922408692	0.134280927736795	-3.76346761171665	0.000167573438746119	0.0416819886444749
AT2G38990	2.60410105659272	3.26278086059851	0.409794801401025	7.96198694918425	1.69298336641908e-15	7.41154258150946e-12
AT3G06125	14.4621315002785	-0.792521463621747	0.204183356741445	-3.88142048534008	0.000103848107125372	0.0284141402108407
AT3G10730	102.163807282602	0.24873585873937	0.0525837380904817	4.73028102930542	2.24209245603332e-06	0.00132640977757063
AT3G14920	103.981243267881	-0.93470259999817	0.114306609897836	-8.17715266714307	2.90629689660421e-16	1.59039831924424e-12
AT3G15520	1027.57560103247	0.362264641407441	0.0943075912719522	3.84130944838564	0.000122379718588701	0.0326679226852205
AT3G18430	129.51438783772	-0.495177492075196	0.108610812935655	-4.55919147174194	5.13509371927772e-06	0.00259977741563038
AT3G28200	115.130277473267	-0.738183960964802	0.184937219812278	-3.99153811068482	6.56461360981574e-05	0.021131298133126
AT3G30218	13.2583604742527	-1.19533722943161	0.290297327003942	-4.11763085030189	3.82787196547778e-05	0.0139065570153269
AT3G32925	1.40892410240166	-2.23312500248301	0.522696155951142	-4.2723195436925	1.93450091038927e-05	0.00769896189591105
AT3G42820	9.11198420880238	6.18092010744188	1.34972850735895	4.57938027813924	4.66355634056314e-06	0.00243049011282349
AT3G43310	75.6834060827816	-0.569661721543514	0.144909833385	-3.93114606674083	8.45418863066216e-05	0.0250072614779141
AT3G44480	29.2647945489375	-0.959127078611165	0.244376454584583	-3.92479332856183	8.68042296317496e-05	0.0253341037654582
AT3G45440	17.9709598172758	-0.746877443205678	0.178004202918452	-4.19584162036803	2.71860177891636e-05	0.0104399077787194
AT3G50100	24.4048514382836	-0.674276339839219	0.14134489389121	-4.77043295499725	1.83830365970195e-06	0.0011496751087776
AT3G50440	101.499276078074	0.608688995001832	0.162803393809032	3.73879794985001	0.000184902258601012	0.0454755678485119
AT3G55290	4.12643860839728	-2.11084161289576	0.389583435187929	-5.41820165397311	6.02014939243511e-08	8.50233094094764e-05
AT4G04635	0.752124226464751	-2.35906213493384	0.618567480739143	-3.81375065516689	0.000136873567392834	0.0356669704364493
AT4G06643	24.3602051175982	-3.29137235397359	0.480114857346337	-6.85538533876138	7.11205472864993e-12	2.22393951364883e-08
AT4G08991	12.1957716050101	-0.944259838573116	0.187971570671085	-5.02341835630769	5.07598082620028e-07	0.000462950601269575
AT4G09455	2.09024984545373	-2.92911862252669	0.596388259516546	-4.91142904942686	9.0415003899142e-07	0.000706819292981543
AT4G13290	2.63741541447974	-1.745783247181	0.408017494492574	-4.27869704300823	1.87990527854343e-05	0.00762023085963649
AT4G13495	15.6298611344767	-0.780430149451062	0.198329256836089	-3.93502280954976	8.31887951682345e-05	0.0250072614779141
AT4G15765	3.93899202876873	-1.04900239072053	0.257807436860637	-4.06893766717674	4.72279788854792e-05	0.0164090988860993
AT4G16215	676.082189573755	0.781780054804303	0.195425660010504	4.00039613407105	6.32365382040709e-05	0.0206594714141628
AT4G17470	15.6374668770195	-0.911984150301424	0.233641987846697	-3.90334014321012	9.48742212336889e-05	0.0269701536179768
AT4G20740	38.6632858999569	-0.438914924412547	0.111563665287652	-3.93421032986738	8.34706667143481e-05	0.0250072614779141
AT4G26910	166.851748562541	-0.692548962626127	0.154986624023366	-4.46844343497486	7.87908411378906e-06	0.00366947387588785
AT4G31870	5.25577372030468	-1.06134651475858	0.274354222112564	-3.868526267196	0.000109495142457951	0.0295893725094084
AT4G33120	6.2636771254342	-2.27953240714241	0.484442467013809	-4.70547601079208	2.53274288143724e-06	0.00142879013941163
AT4G36470	8.37897981945651	-1.16820083461409	0.173469727387303	-6.7343210380787	1.64697174583288e-11	4.11657112892262e-08
AT5G01055	1.32348094298485	-1.64458673455606	0.37756957707293	-4.35571834814011	1.326312298688e-05	0.00592482651142484
AT5G03090	21.9185181536008	-5.57603873546337	1.03124156232789	-5.40711210560228	6.40490571638862e-08	8.50233094094764e-05
AT5G06265	20.082575055123	-0.818394389209585	0.152074435269998	-5.38153824314113	7.38520092004436e-08	8.98081460771394e-05
AT5G10150	226.366520542957	-0.268061917963966	0.0621683606581879	-4.31187046153292	1.61879268581017e-05	0.00684589435670397
AT5G20500	273.020761769526	0.217767132845969	0.0570871347167883	3.81464464675484	0.000136379036865506	0.0356669704364493
AT5G28020	801.943675387742	-0.570882483253715	0.117878143635865	-4.84298840858246	1.2790075279076e-06	0.000869918729771473
AT5G28145	7.69601579066368	-2.33636691796901	0.438955515359831	-5.32255965858817	1.0231721218921e-07	0.000117874813558401
AT5G28530	78.3844256873085	0.319849778184925	0.0806949339620855	3.96369093424386	7.37997861728181e-05	0.0230771931362402
AT5G28773	2.64036548695371	-3.54566958107486	0.686653829086442	-5.16369301514301	2.42124665894589e-07	0.000240903036898485
AT5G33392	3.17387377750393	3.27174897124949	0.645868662520792	5.065656783037	4.06994641126543e-07	0.000387335030418213
AT5G35760	8.3605968391471	-1.27756348609972	0.263719006196199	-4.84441187810806	1.26987262298456e-06	0.000869918729771473
AT5G36100	5.85417124377971	5.0182457421603	0.334185529110147	15.01634662495	5.73845137574589e-51	1.25608962163702e-46
AT5G37420	4.98764637667967	1.97166468871961	0.365011982448196	5.40164373644757	6.60329964804741e-08	8.50233094094764e-05
AT5G37790	31.1625954522859	-0.586907341875738	0.112760348483167	-5.20490890433311	1.94091794269507e-07	0.000202308346893583
AT5G39550	32.3845733684799	-0.437135944790645	0.105395652110536	-4.14757094848836	3.36021356855897e-05	0.0124663923393538
AT5G43500	109.461689683534	0.675450895327225	0.106706561863643	6.32998461884999	2.45185638929346e-10	4.47239037543704e-07
AT5G44420	12.705218814577	-2.73772838786843	0.436951222586825	-6.26552403643732	3.71573677559045e-10	6.25644325237688e-07
AT5G45050	173.912187313414	-0.173071749320547	0.0443873222759903	-3.89912570630924	9.65406473306369e-05	0.0270920285823117
AT5G47445	6.92232478602356	-3.25676671764141	0.735872396470688	-4.42572208614043	9.61202084564385e-06	0.00438328175604788
AT5G52410	68.5820763915038	-0.470221077564745	0.110582428020597	-4.25222240080641	2.116595036759e-05	0.00827324084993174
AT5G59310	3.21648205830756	2.06038719751597	0.448788545438587	4.59099773926363	4.41132115689263e-06	0.00235510753178592
AT5G59320	41.1162886910347	1.07680981099793	0.229338810987167	4.69527947041717	2.66242466272105e-06	0.00145694533605752
AT5G65300	17.1324175260602	0.57207459697434	0.142484636375659	4.01499145119108	5.94479495157144e-05	0.0197160025295375
AT5G66400	36.0379018256326	0.976835772891129	0.258770455203873	3.77491229484265	0.000160063969309456	0.0407400026071474
