ID	FBX5	CMT2	VIM2	VIM3
3968_A	0	0	0	0
3968_B	0	0	0	0
3968_C	0	0	0	0
3968_K	0	0	0	0
3968_L	0	0	0	0
3968_M	0	0	0	0
3968_N	0	0	0	0
3968_O	0	0	0	0
3968_P	0	0	0	0
3968_Q	0	0	0	0
3968_R	0	0	0	0
3968_S	0	0	0	0
4073_J	0	0	0	1
4073_K	1	1	1	1
4073_I	0	0	1	1
3968_AM	0	0	0	1
3968_AN	0	0	0	1
3968_AO	0	0	0	1
3968_AP	0	1	1	1
3968_AQ	1	0	1	1
3968_AR	1	0	1	1
4073_E	0	1	0	1
4073_A	1	0	0	1
4073_B	0	0	1	1
4073_C	0	1	1	1
4073_D	0	1	0	1
4073_M	1	0	1	1
3968_T	0	1	0	1
3968_U	0	1	0	1
3968_V	0	1	1	1
3968_W	0	1	1	1
3968_X	0	1	1	1
3968_Y	0	1	1	1
3968_Z	0	1	1	NA
3968_AA	0	1	1	1
3968_AB	0	1	1	1
3968_AC	0	0	1	1
3968_AD	0	1	1	1
3968_AE	1	0	1	1
3968_AF	1	0	1	1
3968_AG	1	0	1	1
3968_AH	1	0	1	1
3968_AI	1	0	1	1
3968_AJ	0	0	0	1
3968_AK	1	0	1	1
3968_AL	1	1	1	1
3968_E	0	0	0	0
3968_F	0	0	0	0
3968_G	0	0	0	0
3968_H	0	0	0	0
3968_I	0	0	0	0
3968_J	0	0	0	0
35519	0	1	0	1
35518	0	0	0	1
35517	0	0	1	1
35516	0	0	0	0
27182	0	1	0	1
27181	1	0	1	1
27180	0	1	0	1
27179	0	1	0	1
27177	1	0	1	1
27175	0	1	0	1
27174	1	1	1	1
27172	0	1	0	1
27170	1	0	0	0
27169	0	0	0	1
27165	0	1	0	1
27163	0	1	1	1
27162	1	0	0	0
27161	1	0	0	0
27160	0	1	1	1
27158	0	1	1	1
22643	0	1	0	1
22642	0	1	0	1
22641	0	1	0	1
22639	0	0	0	1
22637	1	1	1	1
22636	0	0	0	1
22634	0	0	0	1
22633	1	0	1	1
22632	1	1	0	1
22631	1	0	0	0
22630	0	1	0	1
22629	0	1	0	1
22628	1	0	1	1
22627	0	0	1	1
22626	0	0	0	0
22624	0	0	1	1
22623	0	1	1	1
22622	0	1	1	1
22620	1	1	0	1
22619	0	1	1	1
22618	0	0	1	1
22617	0	1	0	1
22616	0	1	0	1
22615	0	0	0	0
22609	0	0	0	1
22013	1	0	1	1
20687	1	0	1	1
20686	1	0	1	1
20685	1	0	1	1
20684	0	0	1	1
20683	0	0	0	1
20682	1	0	0	0
20681	1	0	0	0
16293	0	0	1	1
16292	0	0	0	0
16151	1	0	1	1
16150	0	0	0	1
15675	1	0	1	1
15674	0	1	0	1
15673	0	0	0	1
15672	0	0	0	1
15671	0	0	1	1
15670	0	0	1	1
15669	0	1	0	1
15668	0	0	0	1
13583	0	0	0	0
13582	0	0	0	0
13581	0	1	0	1
13580	0	0	1	1
13578	0	0	0	1
13183	1	0	1	1
13179	1	0	1	1
13178	0	0	1	1
13177	0	0	1	1
13175	1	0	1	1
13173	1	0	1	1
13172	1	0	1	1
12914	0	0	1	1
12912	0	0	1	1
12911	1	0	1	1
12849	NA	0	1	1
12766	0	0	1	1
2876_A	1	0	1	1
2876_B	0	0	1	1
2876_C	1	0	0	0
2876_D	1	0	0	0
2876_E	1	0	1	1
2876_F	1	1	0	1
2876_G	1	0	1	1
2876_H	1	0	1	1
2876_I	0	0	1	1
2876_J	1	0	1	1
2876_K	1	0	1	1
2876_L	1	0	1	1
2876_M	1	0	0	0
2876_N	1	0	0	0
2876_O	1	0	0	0
2876_P	1	0	1	NA
2876_Q	1	0	1	1
2876_R	1	1	0	1
2876_S	0	1	0	1
2876_T	0	1	0	1
2876_U	0	1	0	1
2876_V	0	0	0	1
2876_W	0	0	1	1
2876_X	0	1	0	1
2876_Y	1	1	0	0
2876_Z	0	1	0	1
2876_AA	1	0	1	1
2876_AB	1	1	0	1
2876_AC	0	0	0	0
2876_AD	0	1	0	1
2876_AE	0	0	1	1
2876_AF	0	0	1	1
2876_AK	0	0	1	1
2876_AL	0	0	0	0
2876_AO	0	1	0	0
2876_AP	0	0	0	1
2876_AR	1	0	1	1
2876_AT	1	0	1	1
2876_AU	0	0	1	1
2876_AV	0	1	0	1
2876_AW	0	1	0	1
3541_F	0	0	0	1
3541_H	0	1	1	1
3541_L	0	0	0	1
3541_N	0	1	1	1
3541_T	1	0	1	1
3541_Y	0	0	0	0
3541_AB	0	0	0	NA
3541_AF	0	0	0	0
3536_W	0	0	0	1
3536_X	1	0	1	1
3536_AE	0	0	0	0
2876_AM	0	1	1	1
2876_AN	0	0	1	1
2876_AS	1	0	1	1
3619_P	0	1	1	1
