seqID	accession	cluster	TE_deletions	TE_insertions	long_TE_deletions	long_TE_insertions	VIM2	CMT2	FBX5	insert_size	sd_insert_size	coverage	read_length
12766	S4-B2-4	S_Espong	1100	528	173	73	1	0	0	283	85	30x	95
12849	S3-9	S_Espong	1121	531	174	68	1	0	NA	281	88	22x	95
12911	S3-11	S_Espong	1155	679	176	92	1	0	1	293	79	30x	96
12912	S3-12	S_Espong	1106	677	177	99	1	0	0	265	72	34x	95
12914	S4-B16	S_Espong	1164	630	176	86	1	0	0	301	93	28x	95
13172	S3-3	S_Espong	1348	541	196	69	1	0	1	559	156	22x	97
13173	S3-4	S_Espong	1344	585	190	77	1	0	1	532	145	22x	97
13175	S3-1	S_Espong	1266	594	189	78	1	0	1	546	170	25x	97
13177	S5-8	S_Espong	1340	585	184	73	1	0	0	490	140	21x	95
13178	S5-9	S_Espong	1274	606	182	81	1	0	0	543	154	25x	97
13179	S3-2	S_Espong	1295	570	188	59	1	0	1	618	181	20x	95
13183	S3-5	S_Espong	1343	598	192	75	1	0	1	540	159	21x	97
13578	S7-B-5	S_Espong	1229	653	179	95	0	0	0	354	94	31x	96
13580	S4-B2-5	S_Espong	1257	609	181	78	1	0	0	420	119	27x	97
13581	S4-B2-9	S_Espong	1284	587	184	86	0	1	0	422	126	27x	97
13582	S1-5	S_Fig	1237	650	180	92	0	0	0	345	97	27x	96
13583	S1-3	S_Fig	1251	556	182	82	0	0	0	414	114	26x	96
15668	S7-B10	S_Espong	1121	563	181	75	0	0	0	257	68	24x	95
15669	S7-T1	S_Espong	1109	503	176	74	0	1	0	274	63	23x	95
15670	S9-1	S_Pico	1110	493	177	66	1	0	0	268	75	22x	95
15671	S10-29	S_Pico	1105	496	174	73	1	0	0	313	76	25x	96
15672	S10-5	S_Pico	1186	524	176	77	0	0	0	311	86	23x	96
15673	S10-16	S_Pico	1182	493	177	73	0	0	0	304	72	23x	95
15674	S11-14	S_Espong	1162	454	176	73	0	1	0	334	77	22x	96
15675	S11-63	S_Espong	1134	435	171	60	1	0	1	328	78	20x	95
16150	S7-B15	S_Espong	1171	484	179	71	0	0	0	303	86	24x	96
16151	S11-38	S_Espong	1130	443	176	75	1	0	1	314	102	24x	97
16292	S8-B9	S_Fig	1082	517	180	72	0	0	0	260	71	22x	95
16293	S11-20	S_Espong	1099	486	177	67	1	0	0	290	67	18x	94
20681	S15-2	S_Espong	1047	869	181	124	0	0	1	262	98	26x	115
20682	S15-3	S_Espong	1239	1080	185	145	0	0	1	361	136	29x	116
20683	S18-2	S_Espong	1184	1091	183	157	0	0	0	333	131	33x	116
20684	S16-7	S_Espong	1236	1130	188	156	1	0	0	411	171	35x	116
20685	S16-8	S_Espong	1156	940	182	134	1	0	1	324	125	25x	116
20686	S16-5	S_Espong	1250	1287	189	175	1	0	1	458	211	53x	116
20687	S19-2	S_Espong	1241	1113	186	142	1	0	1	365	140	30x	116
22013	S15-5	S_Espong	984	782	178	116	1	0	1	244	93	27x	108
22609	S15-15	S_Espong	1037	621	178	97	0	0	0	258	103	20x	108
22615	S1-100	S_Fig	970	534	174	100	0	0	0	254	92	20x	108
22616	S15-13	S_Espong	1063	584	179	92	0	1	0	297	112	20x	111
22617	S7-T100	S_Espong	925	575	171	86	0	1	0	224	91	17x	107
22618	S5-102	S_Espong	963	647	170	104	1	0	0	232	94	17x	107
22619	S10-105	S_Pico	1017	687	179	91	1	1	0	237	96	20x	112
22620	S11-101	S_Espong	1050	706	178	120	0	1	1	244	97	22x	113
22622	S15-6	S_Espong	1050	867	183	141	1	1	0	244	94	29x	114
22623	S11-103	S_Espong	978	724	178	119	1	1	0	238	86	25x	112
22624	S5-100	S_Espong	1026	705	175	121	1	0	0	270	102	26x	115
22626	S8-B100	S_Fig	1011	645	182	120	0	0	0	230	90	24x	108
22627	S17-2	S_Espong	983	665	178	123	1	0	0	234	91	28x	110
22628	S10-100	S_Pico	974	558	180	88	1	0	1	226	86	20x	108
22629	S7-B108	S_Espong	969	729	178	128	0	1	0	223	83	27x	114
22630	S18-3	S_Espong	988	650	181	112	0	1	0	230	85	22x	112
22631	S15-1	S_Espong	918	680	174	107	0	0	1	216	79	26x	113
22632	S5-101	S_Espong	898	604	171	110	0	1	1	217	70	25x	113
22633	S19-1	S_Espong	986	771	178	122	1	0	1	242	94	29x	115
22634	S15-7	S_Espong	959	789	175	134	0	0	0	243	101	35x	114
22636	S15-8	S_Espong	923	823	175	143	0	0	0	218	75	37x	115
22637	S10-102	S_Pico	1008	820	185	123	1	1	1	232	88	28x	114
22639	S18-1	S_Espong	889	630	165	119	0	0	0	217	82	25x	113
22641	S15-14	S_Espong	1038	876	178	129	0	1	0	245	101	29x	115
22642	S11-102	S_Espong	962	835	173	121	0	1	0	227	89	25x	114
22643	S18-4	S_Espong	1011	855	179	138	0	1	0	236	98	33x	111
27158	S10-12	S_Pico	774	396	148	104	1	1	0	227	79	21x	111
27160	S11-54	S_Espong	1025	808	174	130	1	1	0	239	96	29x	113
27161	S11-61	S_Espong	1034	666	183	116	0	0	1	245	86	22x	112
27162	S11-62	S_Espong	1001	699	176	135	0	0	1	256	95	28x	112
27163	S18-5	S_Espong	984	606	181	108	1	1	0	235	80	22x	113
27165	S7-B11	S_Espong	989	669	178	107	0	1	0	241	75	22x	111
27169	S11-33	S_Espong	959	631	172	115	0	0	0	231	66	22x	110
27170	S11-48	S_Espong	1114	709	180	108	0	0	1	285	103	24x	113
27172	S7-B20	S_Espong	861	501	165	130	0	1	0	226	74	22x	110
27174	S11-35	S_Espong	1016	686	176	146	1	1	1	247	104	26x	114
27175	S11-45	S_Espong	1032	755	184	134	0	1	0	238	83	24x	114
27177	S4-B3-14	S_Espong	995	617	172	116	1	0	1	233	75	21x	113
27179	S7-T2	S_Espong	982	687	177	137	0	1	0	252	93	25x	114
27180	S11-9	S_Espong	941	702	173	122	0	1	0	234	71	27x	114
27181	S11-36	S_Espong	1016	655	180	111	1	0	1	249	83	22x	113
27182	S11-41	S_Espong	970	719	177	126	0	1	0	239	83	26x	114
2876_A	S11-57	S_Espong	882	711	173	110	0	0	0	215	47	9x	135
2876_AA	S11-19	S_Espong	684	339	142	49	1	0	0	221	16	5x	141
2876_AB	S7-B12	S_Espong	896	777	180	122	0	0	0	198	40	10x	142
2876_AC	S7-B2	S_Espong	862	699	168	100	0	1	0	222	39	9x	137
2876_AD	S15-T3-15-10	S_Espong	889	651	178	101	1	0	1	229	40	9x	138
2876_AE	S19-T2-15-13	S_Espong	893	867	177	132	1	0	1	198	28	11x	142
2876_AF	S15-T2-15-13	S_Espong	912	827	180	146	0	1	1	217	42	11x	141
2876_AK	S8-T1-15-23	S_Fig	845	594	167	85	0	0	0	231	44	8x	138
2876_AL	S7-T1-15-2	S_Espong	824	577	164	101	0	1	0	218	69	7x	131
2876_AM	S5-S2-15-2	S_Espong	820	531	167	79	1	0	0	247	49	7x	133
2876_AN	S7-T1-15-47	S_Espong	909	774	177	139	1	0	0	225	50	10x	143
2876_AO	S4-B2-2	S_Espong	1014	1400	194	221	1	0	0	216	40	24x	149
2876_AP	S1-1	S_Fig	861	649	171	92	0	0	0	224	21	9x	141
2876_AR	S10-101	S_Pico	941	1008	181	163	1	1	0	223	43	14x	149
2876_AS	S11-100	S_Espong	901	819	170	119	1	0	0	212	36	11x	144
2876_AT	S11-105	S_Espong	924	884	179	140	0	1	0	231	56	10x	146
2876_AU	S11-28	S_Espong	832	569	164	82	0	0	0	259	32	7x	131
2876_AV	S16-2	S_Espong	914	829	177	122	1	0	1	233	55	11x	147
2876_AW	S16-3	S_Espong	881	698	174	110	1	0	1	209	36	8x	139
2876_B	S3-100	S_Espong	867	632	172	99	1	0	1	226	41	8x	138
2876_C	S5-10	S_Espong	782	281	145	57	1	0	0	333	105	17x	127
2876_D	S7-B100	S_Espong	873	704	173	99	0	1	0	217	30	9x	135
2876_E	S7-T-3	S_Espong	691	347	137	60	0	1	0	230	10	5x	143
2876_F	S17-1	S_Espong	714	366	141	68	1	0	0	222	74	5x	143
2876_G	S15-T1-15-11	S_Espong	708	378	146	55	0	0	1	220	35	5x	141
2876_H	S11-60	S_Espong	905	749	177	122	0	0	1	230	18	9x	138
2876_I	S15-T2-15-31	S_Espong	849	729	172	103	1	0	1	206	21	9x	136
2876_J	S15-T2-15-21	S_Espong	835	595	171	96	0	1	1	232	49	8x	134
2876_K	S15-T3-15-27	S_Espong	900	703	178	113	1	0	1	227	32	9x	137
2876_L	S16-T1-15-6	S_Espong	874	612	170	100	1	0	1	212	55	8x	138
2876_M	S16-T1-15-59	S_Espong	824	553	167	83	1	0	0	200	28	8x	137
2876_N	S16-T1-15-47	S_Espong	875	678	168	103	1	0	1	228	29	9x	138
2876_O	S16-L-15-4	S_Espong	694	366	138	52	1	0	1	208	40	5x	142
2876_P	S16-T1-15-37	S_Espong	699	334	137	48	1	0	1	237	51	4x	143
2876_Q	S15-T1-15-4	S_Espong	844	640	166	87	0	0	1	227	37	8x	136
2876_R	S15-T1-15-31	S_Espong	879	676	173	116	0	0	1	209	21	10x	136
2876_S	S15-T1-15-25	S_Espong	872	631	169	98	0	0	1	237	54	9x	136
2876_T	S16-T2-15-1	S_Espong	952	930	191	140	1	0	1	201	41	13x	145
2876_U	S16-T1-15-11	S_Espong	902	763	182	121	1	0	1	204	38	10x	141
2876_V	S15-T2-15-1	S_Espong	874	686	174	99	0	1	1	220	37	9x	137
2876_W	S15-T3-15-2	S_Espong	896	682	172	98	0	1	0	234	34	9x	137
2876_X	S7-T1-15-70	S_Espong	747	402	143	53	0	1	0	228	50	5x	140
2876_Y	S19-T2-15-8	S_Espong	863	654	172	112	0	1	0	227	42	9x	135
2876_Z	S7-T1-15-89	S_Espong	903	831	173	132	0	0	0	221	43	11x	142
3536_AE	S11-R2-T2-15-233	S_Espong	720	381	137	67	1	0	0	215	42	5x	139
3536_W	S15-T2-15-41	S_Espong	731	367	154	55	0	1	0	202	43	5x	141
3536_X	S4-T1-15-1	S_Espong	837	542	161	78	0	1	1	221	20	7x	136
3541_AB	S7-T1-15-28	S_Espong	769	441	155	72	0	1	0	223	0	6x	133
3541_AF	S20-9	S_Cova	850	658	164	107	0	0	0	204	14	9x	138
3541_F	S24-1-1	S_Espong	855	639	172	93	0	0	0	219	32	8x	132
3541_H	SCratera	S_Espong	910	806	176	122	1	0	1	186	30	10x	142
3541_L	S23-4	S_Espong	662	316	137	48	0	0	0	224	23	4x	138
3541_N	S20-7	S_Cova	781	478	159	71	0	0	0	232	42	6x	140
3541_T	S21-1	S_Pico	792	480	165	76	0	0	0	210	39	7x	139
3541_Y	S10-open-2	S_Pico	754	392	147	57	1	1	0	215	40	5x	129
35516	S24-3-2	S_Espong	881	724	174	119	0	0	0	209	50	30x	119
35517	S10-open-4	S_Pico	898	679	177	125	1	1	0	251	80	30x	119
35518	S25-1	S_Espong	870	698	172	132	1	0	1	206	53	25x	116
35519	S20-13	S_Cova	905	732	178	127	0	0	0	205	55	26x	119
3619_P	S10-open3	S_Pico	774	451	155	68	1	1	0	208	29	6x	133
3968_A	S1-501	S_Fig	785	478	157	94	0	0	0	232	64	6x	141
3968_AA	S28-203	S_Pico	765	467	149	80	1	1	0	220	64	5x	138
3968_AB	S28-3	S_Pico	769	442	158	76	1	1	0	202	63	5x	136
3968_AC	S28-4	S_Pico	712	414	150	86	1	0	0	198	53	5x	130
3968_AD	S28-5	S_Pico	724	374	144	75	1	1	0	216	68	5x	130
3968_AE	S29-1-1	S_Pico	722	381	152	68	1	0	1	224	71	5x	134
3968_AF	S29-1-4	S_Pico	747	447	142	80	1	0	1	207	62	5x	131
3968_AG	S29-2-1	S_Pico	779	441	151	72	1	0	1	217	55	6x	139
3968_AH	S29-2-4	S_Pico	741	463	145	77	1	0	1	210	61	6x	134
3968_AI	S29-3-2	S_Pico	821	511	163	82	1	0	1	221	63	6x	139
3968_AJ	S29-4-3	S_Pico	718	359	145	65	0	0	0	248	64	5x	129
3968_AK	S29-5-1	S_Pico	813	553	163	103	1	0	1	166	33	7x	139
3968_AL	S29-5-4	S_Pico	626	268	137	55	1	1	1	180	54	5x	132
3968_AM	S23-101	S_Espong	811	514	158	88	0	0	0	221	78	5x	137
3968_AN	S23-105	S_Espong	717	369	139	67	0	0	0	225	59	5x	142
3968_AO	S24-1-102	S_Espong	795	501	166	93	0	0	0	200	39	7x	139
3968_AP	S24-1-103	S_Espong	812	532	167	80	1	1	0	225	61	6x	141
3968_AQ	S25-3	S_Espong	785	504	160	82	1	0	1	220	61	5x	139
3968_AR	S25-5	S_Espong	778	513	159	100	1	0	1	210	66	6x	136
3968_B	S1-502	S_Fig	731	409	147	72	0	0	0	220	67	5x	137
3968_C	S1-504	S_Fig	787	447	161	74	0	0	0	241	56	5x	140
3968_E	S8-501	S_Fig	758	443	147	78	0	0	0	218	62	5x	139
3968_F	S8-502	S_Fig	783	519	154	85	0	0	0	184	49	6x	140
3968_G	S8-503	S_Fig	708	427	145	75	0	0	0	227	51	5x	140
3968_H	S8-504	S_Fig	769	483	157	84	0	0	0	213	65	5x	142
3968_I	S8-505	S_Fig	784	477	148	96	0	0	0	219	62	5x	140
3968_J	S8-506	S_Fig	707	447	147	81	0	0	0	206	64	5x	140
3968_K	S20-201	S_Cova	698	395	138	78	0	0	0	206	57	4x	135
3968_L	S20-203	S_Cova	743	455	154	88	0	0	0	195	55	5x	138
3968_M	S20-204	S_Cova	741	407	142	72	0	0	0	219	50	5x	134
3968_N	S20-205	S_Cova	754	422	144	65	0	0	0	218	65	5x	134
3968_O	S20-206	S_Cova	744	403	157	75	0	0	0	214	65	5x	136
3968_P	S20-207	S_Cova	679	326	137	63	0	0	0	212	64	6x	135
3968_Q	S20-208	S_Cova	678	383	140	69	0	0	0	218	51	5x	132
3968_R	S20-209	S_Cova	773	456	158	76	0	0	0	221	65	5x	137
3968_S	S20-210	S_Cova	691	397	150	72	0	0	0	212	68	5x	136
3968_T	S27-202	S_Pico	796	511	158	87	0	1	0	222	57	6x	138
3968_U	S27-203	S_Pico	775	468	149	77	0	1	0	226	76	5x	137
3968_V	S27-204	S_Pico	812	529	161	90	1	1	0	223	68	6x	137
3968_W	S27-205	S_Pico	736	420	143	65	1	1	0	233	66	5x	137
3968_X	S28-1	S_Pico	766	443	157	76	1	1	0	180	54	5x	136
3968_Y	S28-201	S_Pico	790	497	160	88	1	1	0	212	56	6x	140
3968_Z	S28-202	S_Pico	778	476	155	92	1	1	0	227	58	5x	138
4073_A	S26-3	S_Pico	859	580	169	97	0	0	1	239	64	6x	140
4073_B	S26-4	S_Pico	814	591	156	95	1	0	0	227	74	5x	141
4073_C	S26-6	S_Pico	837	609	158	92	1	1	0	221	70	6x	140
4073_D	S26-7	S_Pico	801	545	158	80	0	1	0	213	72	6x	143
4073_E	S26-8	S_Pico	847	640	161	87	0	1	0	217	69	6x	143
4073_I	S21-8	S_Pico	815	560	164	84	1	0	0	220	75	6x	136
4073_J	S21-9	S_Pico	861	687	168	105	0	0	0	209	71	7x	136
4073_K	S21-10	S_Pico	925	754	172	113	1	1	1	215	68	7x	141
4073_M	Cvi-0	Cvi-0	1006	1293	187	186	1	0	1	221	60	13x	148